Geração,Iteração,Fitness
0,0,432.51
0,1,658.448
0,2,636.906
0,3,594.464
0,4,591.742
0,5,698.98
0,6,445.943
0,7,542.065
0,8,502.476
0,9,479.024
0,10,527.261
0,11,839.395
0,12,508.854
0,13,603.143
0,14,695.17
0,15,563.097
0,16,415.477
0,17,647.288
0,18,639.366
0,19,526.787
0,20,542.408
0,21,496.716
0,22,629.256
0,23,727.903
0,24,442.171
0,25,598.985
0,26,669.361
0,27,647.645
0,28,610.399
0,29,567.957
0,30,720.298
0,31,535.843
0,32,638.03
0,33,750.003
0,34,663.546
0,35,466.296
0,36,589.562
0,37,888.438
0,38,478.792
0,39,501.492
0,40,608.808
0,41,487.026
0,42,622.75
0,43,580.58
0,44,452.982
0,45,550.187
0,46,675.014
0,47,866.45
0,48,619.036
0,49,746.372
0,50,708.265
0,51,533.655
0,52,768.572
0,53,662.514
0,54,673.383
0,55,760.191
0,56,585.033
0,57,672.183
0,58,693.163
0,59,507.724
0,60,707.415
0,61,783.445
0,62,589.954
0,63,668.693
0,64,758.021
0,65,725.029
0,66,597.017
0,67,575.468
0,68,651.606
0,69,800.734
0,70,561.688
0,71,684.024
0,72,612.363
0,73,532.253
0,74,584.06
0,75,787.8
0,76,649.027
0,77,539.348
0,78,700.224
0,79,632.116
0,80,537.293
0,81,441.283
0,82,667.643
0,83,673.237
0,84,606.976
0,85,753.173
0,86,677.207
0,87,610.399
0,88,631.602
0,89,412.821
0,90,584.187
0,91,561.193
0,92,571.691
0,93,780.894
0,94,543.651
0,95,509.318
0,96,680.342
0,97,508.089
0,98,393.06
0,99,547.895
0,100,720.825
0,101,490.578
0,102,631.549
0,103,576.745
0,104,812.8
0,105,575.9
0,106,579.682
0,107,447.175
0,108,545.607
0,109,541.516
0,110,670.031
0,111,824.938
0,112,491.13
0,113,686.098
0,114,589.124
0,115,641.011
0,116,746.205
0,117,524.583
0,118,455.823
0,119,659.959
0,120,746.373
0,121,526.68
0,122,452.889
0,123,417.046
0,124,690.465
0,125,701.176
0,126,592.221
0,127,753.938
0,128,573.366
0,129,782.578
0,130,478.844
0,131,467.365
0,132,730.349
0,133,671.767
0,134,692.953
0,135,565.604
0,136,521.741
0,137,482.193
0,138,634.171
0,139,447.158
0,140,686.487
0,141,721.261
0,142,628.57
0,143,574.862
0,144,649.455
0,145,537.527
0,146,714.816
0,147,648.732
0,148,581.583
0,149,590.865
1,0,391.197
1,1,336.227
1,2,506.548
1,3,396.067
1,4,432.51
1,5,403.69
1,6,396.474
1,7,415.999
1,8,527.663
1,9,371.532
1,10,470.492
1,11,409.158
1,12,493.158
1,13,338.626
1,14,485.828
1,15,329.374
1,16,362.164
1,17,443.046
1,18,506.06
1,19,671.305
1,20,536.541
1,21,597.854
1,22,449.655
1,23,444.141
1,24,351.091
1,25,395.855
1,26,343.563
1,27,428.047
1,28,473.183
1,29,415.946
1,30,469.532
1,31,506.182
2,0,287.297
2,1,399.59
2,2,343.563
2,3,460.905
2,4,351.091
2,5,369.944
2,6,412.821
2,7,327.553
2,8,298.123
2,9,374.793
2,10,251.431
2,11,364.054
2,12,351.091,duplicate,
2,13,365.759
2,14,412.821,duplicate,
2,15,321.088
2,16,297.851
2,17,369.32
2,18,368.613
2,19,391.225
2,20,452.425
2,21,328.361
2,22,319.724
2,23,310.077
2,24,386.845
2,25,319.846
2,26,330.697
2,27,332.722
2,28,384.652
2,29,418.58
2,30,412.118
2,31,344.805
3,0,255.988
3,1,342.022
3,2,293.483
3,3,306.839
3,4,337.454
3,5,302.314
3,6,306.358
3,7,334.971
3,8,251.431
3,9,309.568
3,10,319.636
3,11,298.123
3,12,268.747
3,13,306.358,duplicate,
3,14,289.884
3,15,379.325
3,16,321.652
3,17,274.631
3,18,306.747
3,19,219.965
3,20,271.777
3,21,388.125
3,22,386.349
3,23,229.345
3,24,288.32
3,25,374.875
3,26,299.942
3,27,291.456
3,28,385.894
3,29,302.559
3,30,361.501
3,31,425.228
4,0,264.611
4,1,243.949
4,2,271.881
4,3,253.223
4,4,267.732
4,5,318.627
4,6,343.673
4,7,240.194
4,8,215.179
4,9,243.949,duplicate,
4,10,251.431
4,11,294.344
4,12,300.452
4,13,293.69
4,14,274.631
4,15,269.234
4,16,286.607
4,17,267.995
4,18,249.323
4,19,273.759
4,20,268.747
4,21,287.168
4,22,180.44
4,23,269.166
4,24,250.319
4,25,272.163
4,26,286.914
4,27,303.145
4,28,344.227
4,29,313.147
4,30,301.769
4,31,324.296
5,0,191.399
5,1,215.179
5,2,288.32
5,3,243.949
5,4,266.114
5,5,294.433
5,6,247.373
5,7,180.44
5,8,180.44,duplicate,
5,9,215.179,duplicate,
5,10,248.09
5,11,243.949,duplicate,
5,12,202.44
5,13,312.484
5,14,246.952
5,15,202.44,duplicate,
5,16,196.972
5,17,277.184
5,18,352.696
5,19,243.949,duplicate,
5,20,240.418
5,21,267.397
5,22,316.09
5,23,190.682
5,24,215.159
5,25,224.783
5,26,280.862
5,27,305.621
5,28,275.734
5,29,271.286
5,30,274.05
5,31,273.965
6,0,180.44
6,1,190.682
6,2,191.399
6,3,180.444
6,4,222.6
6,5,202.44
6,6,202.44,duplicate,
6,7,211.309
6,8,180.44,duplicate,
6,9,148.317
6,10,190.682,duplicate,
6,11,209.465
6,12,196.972
6,13,202.44,duplicate,
6,14,235.873
6,15,211.309,duplicate,
6,16,180.44,duplicate,
6,17,148.317,duplicate,
6,18,155.326
6,19,180.444,duplicate,
6,20,157.339
6,21,202.44,duplicate,
6,22,230.947
6,23,215.159
6,24,234.569
6,25,174.652
6,26,248.788
6,27,233.135
6,28,259.64
6,29,188.663
6,30,190.682,duplicate,
6,31,179.656
7,0,148.317
7,1,155.326
7,2,157.339
7,3,226.862
7,4,164.94
7,5,197.753
7,6,180.44
7,7,180.44,duplicate,
7,8,148.317,duplicate,
7,9,148.317,duplicate,
7,10,173.895
7,11,157.339,duplicate,
7,12,181.947
7,13,211.309
7,14,180.44,duplicate,
7,15,148.317,duplicate,
7,16,148.317,duplicate,
7,17,148.317,duplicate,
7,18,146.598
7,19,182.012
7,20,228.961
7,21,211.309,duplicate,
7,22,180.44,duplicate,
7,23,180.44,duplicate,
7,24,213.305
7,25,185.735
7,26,181.366
7,27,201.085
7,28,223.801
7,29,172.221
7,30,191.12
7,31,200.68
8,0,148.317
8,1,148.317,duplicate,
8,2,148.317,duplicate,
8,3,148.317,duplicate,
8,4,148.317,duplicate,
8,5,148.317,duplicate,
8,6,155.326
8,7,146.598
8,8,145.7
8,9,148.317,duplicate,
8,10,148.317,duplicate,
8,11,148.317,duplicate,
8,12,148.317,duplicate,
8,13,148.317,duplicate,
8,14,148.317,duplicate,
8,15,155.326,duplicate,
8,16,134.479
8,17,148.317,duplicate,
8,18,148.317,duplicate,
8,19,148.317,duplicate,
8,20,148.317,duplicate,
8,21,148.317,duplicate,
8,22,148.317,duplicate,
8,23,155.326,duplicate,
8,24,163.605
8,25,185.433
8,26,165.645
8,27,191.384
8,28,183.769
8,29,190.259
8,30,189.975
8,31,155.326,duplicate,
9,0,145.7
9,1,145.7,duplicate,
9,2,148.317
9,3,148.317,duplicate,
9,4,148.317,duplicate,
9,5,148.317,duplicate,
9,6,148.317,duplicate,
9,7,134.479
9,8,134.479,duplicate,
9,9,145.7,duplicate,
9,10,146.598
9,11,148.317,duplicate,
9,12,148.317,duplicate,
9,13,148.317,duplicate,
9,14,148.317,duplicate,
9,15,134.479,duplicate,
9,16,134.479,duplicate,
9,17,145.7,duplicate,
9,18,146.598,duplicate,
9,19,148.317,duplicate,
9,20,148.317,duplicate,
9,21,148.317,duplicate,
9,22,148.317,duplicate,
9,23,134.479,duplicate,
9,24,216.766
9,25,204.367
9,26,180.897
9,27,148.317,duplicate,
9,28,121.374
9,29,139.873
9,30,194.791
9,31,213.248
10,0,121.374
10,1,134.479
10,2,134.479,duplicate,
10,3,134.479,duplicate,
10,4,134.479,duplicate,
10,5,139.873
10,6,113.862
10,7,134.479,duplicate,
10,8,121.374,duplicate,
10,9,134.479,duplicate,
10,10,134.479,duplicate,
10,11,134.479,duplicate,
10,12,134.479,duplicate,
10,13,134.479,duplicate,
10,14,103.951
10,15,145.7
10,16,134.479,duplicate,
10,17,134.479,duplicate,
10,18,134.479,duplicate,
10,19,134.479,duplicate,
10,20,134.479,duplicate,
10,21,116.785
10,22,103.951,duplicate,
10,23,134.479,duplicate,
10,24,193.096
10,25,134.479,duplicate,
10,26,134.678
10,27,172.202
10,28,208.051
10,29,208.294
10,30,181.32
10,31,185.432
11,0,103.951
11,1,113.862
11,2,116.785
11,3,103.951,duplicate,
11,4,121.374
11,5,121.374,duplicate,
11,6,134.479
11,7,134.479,duplicate,
11,8,103.951,duplicate,
11,9,103.951,duplicate,
11,10,113.862,duplicate,
11,11,116.785,duplicate,
11,12,121.374,duplicate,
11,13,121.374,duplicate,
11,14,134.479,duplicate,
11,15,134.479,duplicate,
11,16,103.951,duplicate,
11,17,113.862,duplicate,
11,18,113.862,duplicate,
11,19,134.87
11,20,121.374,duplicate,
11,21,121.374,duplicate,
11,22,134.479,duplicate,
11,23,134.479,duplicate,
11,24,135.98
11,25,170.299
11,26,187.007
11,27,157.553
11,28,117.581
11,29,122.437
11,30,185.493
11,31,185.939
12,0,103.951
12,1,103.951,duplicate,
12,2,103.951,duplicate,
12,3,103.951,duplicate,
12,4,113.862
12,5,113.862,duplicate,
12,6,113.862,duplicate,
12,7,103.951,duplicate,
12,8,103.951,duplicate,
12,9,103.951,duplicate,
12,10,103.951,duplicate,
12,11,103.951,duplicate,
12,12,103.951,duplicate,
12,13,113.862,duplicate,
12,14,113.862,duplicate,
12,15,113.862,duplicate,
12,16,103.951,duplicate,
12,17,103.951,duplicate,
12,18,103.951,duplicate,
12,19,103.951,duplicate,
12,20,103.951,duplicate,
12,21,113.862,duplicate,
12,22,113.862,duplicate,
12,23,103.951,duplicate,
12,24,154.117
12,25,129.097
12,26,137.847
12,27,122.529
12,28,159.489
12,29,153.964
12,30,138.352
12,31,129.972
13,0,103.951
13,1,103.951,duplicate,
13,2,103.951,duplicate,
13,3,103.951,duplicate,
13,4,103.951,duplicate,
13,5,103.951,duplicate,
13,6,103.951,duplicate,
13,7,103.951,duplicate,
13,8,103.951,duplicate,
13,9,103.951,duplicate,
13,10,103.951,duplicate,
13,11,103.951,duplicate,
13,12,103.951,duplicate,
13,13,103.951,duplicate,
13,14,103.951,duplicate,
13,15,103.951,duplicate,
13,16,103.951,duplicate,
13,17,103.951,duplicate,
13,18,103.951,duplicate,
13,19,103.951,duplicate,
13,20,103.951,duplicate,
13,21,103.951,duplicate,
13,22,103.951,duplicate,
13,23,103.951,duplicate,
13,24,131.493
13,25,165.853
13,26,105.277
13,27,135.462
13,28,122.963
13,29,180.247
13,30,212.799
13,31,167.868
14,0,103.951
14,1,103.951,duplicate,
14,2,103.951,duplicate,
14,3,103.951,duplicate,
14,4,103.951,duplicate,
14,5,103.951,duplicate,
14,6,103.951,duplicate,
14,7,103.951,duplicate,
14,8,103.951,duplicate,
14,9,103.951,duplicate,
14,10,103.951,duplicate,
14,11,103.951,duplicate,
14,12,103.951,duplicate,
14,13,103.951,duplicate,
14,14,103.951,duplicate,
14,15,103.951,duplicate,
14,16,103.951,duplicate,
14,17,103.951,duplicate,
14,18,103.951,duplicate,
14,19,103.951,duplicate,
14,20,103.951,duplicate,
14,21,103.951,duplicate,
14,22,103.951,duplicate,
14,23,103.951,duplicate,
14,24,137.338
14,25,152.992
14,26,146.244
14,27,178.003
14,28,156.754
14,29,151.134
14,30,149.077
14,31,111.248
15,0,103.951
15,1,103.951,duplicate,
15,2,103.951,duplicate,
15,3,103.951,duplicate,
15,4,103.951,duplicate,
15,5,103.951,duplicate,
15,6,103.951,duplicate,
15,7,103.951,duplicate,
15,8,103.951,duplicate,
15,9,103.951,duplicate,
15,10,103.951,duplicate,
15,11,103.951,duplicate,
15,12,103.951,duplicate,
15,13,103.951,duplicate,
15,14,103.951,duplicate,
15,15,103.951,duplicate,
15,16,103.951,duplicate,
15,17,103.951,duplicate,
15,18,103.951,duplicate,
15,19,103.951,duplicate,
15,20,103.951,duplicate,
15,21,103.951,duplicate,
15,22,103.951,duplicate,
15,23,103.951,duplicate,
15,24,209.901
15,25,96.6481
15,26,160.654
15,27,175.25
15,28,79.6406
15,29,130.908
15,30,148.856
15,31,185.917
16,0,106.59
16,1,103.951
16,2,103.951,duplicate,
16,3,103.951,duplicate,
16,4,103.951,duplicate,
16,5,103.951,duplicate,
16,6,103.951,duplicate,
16,7,79.6406
16,8,79.6406,duplicate,
16,9,115.229
16,10,103.951,duplicate,
16,11,103.951,duplicate,
16,12,103.951,duplicate,
16,13,103.951,duplicate,
16,14,103.951,duplicate,
16,15,91.8052
16,16,79.6406,duplicate,
16,17,115.229,duplicate,
16,18,103.951,duplicate,
16,19,103.951,duplicate,
16,20,103.951,duplicate,
16,21,103.951,duplicate,
16,22,103.951,duplicate,
16,23,90.6019
16,24,110.827
16,25,157.747
16,26,150.111
16,27,151.52
16,28,176.76
16,29,114.096
16,30,117.015
16,31,133.774
17,0,79.6406
17,1,79.6406,duplicate,
17,2,79.6406,duplicate,
17,3,103.951
17,4,91.8052
17,5,103.951,duplicate,
17,6,103.951,duplicate,
17,7,90.6019
17,8,79.6406,duplicate,
17,9,79.6406,duplicate,
17,10,79.6406,duplicate,
17,11,79.6406,duplicate,
17,12,91.8052,duplicate,
17,13,103.951,duplicate,
17,14,103.951,duplicate,
17,15,103.951,duplicate,
17,16,79.6406,duplicate,
17,17,79.6406,duplicate,
17,18,79.6406,duplicate,
17,19,103.951,duplicate,
17,20,91.8052,duplicate,
17,21,103.951,duplicate,
17,22,103.951,duplicate,
17,23,103.951,duplicate,
17,24,139.472
17,25,61.646
17,26,116.278
17,27,141.249
17,28,152.146
17,29,147.198
17,30,145.489
17,31,112.362
18,0,79.6406
18,1,79.6406,duplicate,
18,2,79.6406,duplicate,
18,3,79.6406,duplicate,
18,4,79.6406,duplicate,
18,5,79.6406,duplicate,
18,6,79.6406,duplicate,
18,7,61.646
18,8,79.6406,duplicate,
18,9,79.6406,duplicate,
18,10,79.6406,duplicate,
18,11,79.6406,duplicate,
18,12,79.6406,duplicate,
18,13,79.6406,duplicate,
18,14,79.6406,duplicate,
18,15,61.646,duplicate,
18,16,79.6406,duplicate,
18,17,79.6406,duplicate,
18,18,79.6406,duplicate,
18,19,79.6406,duplicate,
18,20,79.6406,duplicate,
18,21,79.6406,duplicate,
18,22,79.6406,duplicate,
18,23,61.646,duplicate,
18,24,104.938
18,25,131.149
18,26,115.494
18,27,75.5401
18,28,174.433
18,29,108.52
18,30,106.59
18,31,119.027
19,0,61.646
19,1,61.646,duplicate,
19,2,90.5041
19,3,67.5789
19,4,79.6406
19,5,79.6406,duplicate,
19,6,79.6406,duplicate,
19,7,79.6406,duplicate,
19,8,61.646,duplicate,
19,9,61.646,duplicate,
19,10,61.646,duplicate,
19,11,90.5041,duplicate,
19,12,79.6406,duplicate,
19,13,79.6406,duplicate,
19,14,79.6406,duplicate,
19,15,89.0645
19,16,61.646,duplicate,
19,17,61.646,duplicate,
19,18,67.5789,duplicate,
19,19,79.6406,duplicate,
19,20,79.6406,duplicate,
19,21,79.6406,duplicate,
19,22,79.6406,duplicate,
19,23,61.646,duplicate,
19,24,108.704
19,25,100.763
19,26,91.5698
19,27,107.341
19,28,131.338
19,29,122.657
19,30,60.3597
19,31,55.1993
20,0,60.3597
20,1,48.1345
20,2,61.646
20,3,61.646,duplicate,
20,4,61.646,duplicate,
20,5,61.646,duplicate,
20,6,61.646,duplicate,
20,7,61.646,duplicate,
20,8,75.4647
20,9,74.0145
20,10,61.646,duplicate,
20,11,61.646,duplicate,
20,12,61.646,duplicate,
20,13,61.646,duplicate,
20,14,61.646,duplicate,
20,15,61.646,duplicate,
20,16,75.4647,duplicate,
20,17,61.646,duplicate,
20,18,61.646,duplicate,
20,19,61.646,duplicate,
20,20,61.646,duplicate,
20,21,61.646,duplicate,
20,22,61.646,duplicate,
20,23,33.0777
20,24,96.0835
20,25,94.2963
20,26,67.0791
20,27,125.23
20,28,92.334
20,29,136.6
20,30,61.646,duplicate,
20,31,86.4178
21,0,17.9061
21,1,60.3597
21,2,61.646
21,3,61.646,duplicate,
21,4,61.646,duplicate,
21,5,61.646,duplicate,
21,6,61.646,duplicate,
21,7,33.0777
21,8,64.0641
21,9,48.1345
21,10,60.3597,duplicate,
21,11,61.646,duplicate,
21,12,61.646,duplicate,
21,13,61.646,duplicate,
21,14,61.646,duplicate,
21,15,61.646,duplicate,
21,16,48.1345,duplicate,
21,17,60.3597,duplicate,
21,18,48.1345,duplicate,
21,19,61.646,duplicate,
21,20,61.646,duplicate,
21,21,61.646,duplicate,
21,22,61.646,duplicate,
21,23,53.5496
21,24,96.3751
21,25,87.9983
21,26,138.241
21,27,97.1611
21,28,47.0511
21,29,107.844
21,30,118.051
21,31,115.425
22,0,17.9061
22,1,47.0511
22,2,48.1345
22,3,48.1345,duplicate,
22,4,48.1345,duplicate,
22,5,53.5496
22,6,60.3597
22,7,17.9061,duplicate,
22,8,17.9061,duplicate,
22,9,71.2382
22,10,32.6185
22,11,48.1345,duplicate,
22,12,48.1345,duplicate,
22,13,17.9061,duplicate,
22,14,60.3597,duplicate,
22,15,31.5982
22,16,17.9061,duplicate,
22,17,47.0511,duplicate,
22,18,66.1589
22,19,48.1345,duplicate,
22,20,48.1345,duplicate,
22,21,53.5496,duplicate,
22,22,67.1295
22,23,31.5982,duplicate,
22,24,64.2053
22,25,66.3124
22,26,71.1684
22,27,77.2114
22,28,75.7276
22,29,80.8777
22,30,44.1654
22,31,61.8426
23,0,17.9061
23,1,17.9061,duplicate,
23,2,17.9061,duplicate,
23,3,17.9061,duplicate,
23,4,31.5982
23,5,31.5982,duplicate,
23,6,32.6185
23,7,17.9061,duplicate,
23,8,17.9061,duplicate,
23,9,17.9061,duplicate,
23,10,17.9061,duplicate,
23,11,17.9061,duplicate,
23,12,17.9061,duplicate,
23,13,31.5982,duplicate,
23,14,31.5982,duplicate,
23,15,32.6185,duplicate,
23,16,17.9061,duplicate,
23,17,17.9061,duplicate,
23,18,17.9061,duplicate,
23,19,17.9061,duplicate,
23,20,17.9061,duplicate,
23,21,31.5982,duplicate,
23,22,32.6185,duplicate,
23,23,17.9061,duplicate,
23,24,42.2066
23,25,74.9078
23,26,67.4037
23,27,61.6878
23,28,97.719
23,29,83.6825
23,30,77.557
23,31,29.4363
24,0,17.9061
24,1,17.9061,duplicate,
24,2,17.9061,duplicate,
24,3,17.9061,duplicate,
24,4,17.9061,duplicate,
24,5,17.9061,duplicate,
24,6,17.9061,duplicate,
24,7,17.9061,duplicate,
24,8,17.9061,duplicate,
24,9,17.9061,duplicate,
24,10,17.9061,duplicate,
24,11,17.9061,duplicate,
24,12,17.9061,duplicate,
24,13,17.9061,duplicate,
24,14,17.9061,duplicate,
24,15,17.9061,duplicate,
24,16,17.9061,duplicate,
24,17,17.9061,duplicate,
24,18,17.9061,duplicate,
24,19,17.9061,duplicate,
24,20,17.9061,duplicate,
24,21,17.9061,duplicate,
24,22,17.9061,duplicate,
24,23,17.9061,duplicate,
24,24,73.415
24,25,44.1994
24,26,72.5726
24,27,42.3082
24,28,39.111
24,29,33.6255
24,30,107.007
24,31,75.8283
25,0,17.9061
25,1,17.9061,duplicate,
25,2,17.9061,duplicate,
25,3,17.9061,duplicate,
25,4,17.9061,duplicate,
25,5,17.9061,duplicate,
25,6,17.9061,duplicate,
25,7,17.9061,duplicate,
25,8,17.9061,duplicate,
25,9,17.9061,duplicate,
25,10,17.9061,duplicate,
25,11,17.9061,duplicate,
25,12,17.9061,duplicate,
25,13,17.9061,duplicate,
25,14,17.9061,duplicate,
25,15,17.9061,duplicate,
25,16,17.9061,duplicate,
25,17,17.9061,duplicate,
25,18,17.9061,duplicate,
25,19,17.9061,duplicate,
25,20,17.9061,duplicate,
25,21,17.9061,duplicate,
25,22,17.9061,duplicate,
25,23,17.9061,duplicate,
25,24,47.8908
25,25,86.1787
25,26,70.2064
25,27,61.0269
25,28,54.1299
25,29,48.2115
25,30,36.788
25,31,37.9626
26,0,17.9061
26,1,17.9061,duplicate,
26,2,17.9061,duplicate,
26,3,17.9061,duplicate,
26,4,17.9061,duplicate,
26,5,17.9061,duplicate,
26,6,17.9061,duplicate,
26,7,17.9061,duplicate,
26,8,17.9061,duplicate,
26,9,17.9061,duplicate,
26,10,17.9061,duplicate,
26,11,17.9061,duplicate,
26,12,17.9061,duplicate,
26,13,17.9061,duplicate,
26,14,17.9061,duplicate,
26,15,17.9061,duplicate,
26,16,17.9061,duplicate,
26,17,17.9061,duplicate,
26,18,17.9061,duplicate,
26,19,17.9061,duplicate,
26,20,17.9061,duplicate,
26,21,17.9061,duplicate,
26,22,17.9061,duplicate,
26,23,17.9061,duplicate,
26,24,65.0087
26,25,66.9144
26,26,48.6922
26,27,75.5637
26,28,71.6885
26,29,17.9061,duplicate,
26,30,73.1402
26,31,79.7869
27,0,17.9061
27,1,17.9061,duplicate,
27,2,17.9061,duplicate,
27,3,17.9061,duplicate,
27,4,17.9061,duplicate,
27,5,17.9061,duplicate,
27,6,17.9061,duplicate,
27,7,17.9061,duplicate,
27,8,17.9061,duplicate,
27,9,17.9061,duplicate,
27,10,17.9061,duplicate,
27,11,17.9061,duplicate,
27,12,17.9061,duplicate,
27,13,17.9061,duplicate,
27,14,17.9061,duplicate,
27,15,17.9061,duplicate,
27,16,17.9061,duplicate,
27,17,17.9061,duplicate,
27,18,17.9061,duplicate,
27,19,17.9061,duplicate,
27,20,17.9061,duplicate,
27,21,17.9061,duplicate,
27,22,17.9061,duplicate,
27,23,17.9061,duplicate,
27,24,80.3912
27,25,57.5514
27,26,66.26
27,27,75.8868
27,28,92.2903
27,29,46.827
27,30,69.2488
27,31,20.0571
28,0,17.9061
28,1,17.9061,duplicate,
28,2,17.9061,duplicate,
28,3,17.9061,duplicate,
28,4,17.9061,duplicate,
28,5,17.9061,duplicate,
28,6,17.9061,duplicate,
28,7,17.9061,duplicate,
28,8,17.9061,duplicate,
28,9,17.9061,duplicate,
28,10,17.9061,duplicate,
28,11,17.9061,duplicate,
28,12,17.9061,duplicate,
28,13,17.9061,duplicate,
28,14,17.9061,duplicate,
28,15,17.9061,duplicate,
28,16,17.9061,duplicate,
28,17,17.9061,duplicate,
28,18,17.9061,duplicate,
28,19,17.9061,duplicate,
28,20,17.9061,duplicate,
28,21,17.9061,duplicate,
28,22,17.9061,duplicate,
28,23,17.9061,duplicate,
28,24,64.4797
28,25,79.428
28,26,83.4719
28,27,73.1402
28,28,46.3342
28,29,61.7168
28,30,44.2086
28,31,17.9061,duplicate,
29,0,17.9061
29,1,17.9061,duplicate,
29,2,17.9061,duplicate,
29,3,17.9061,duplicate,
29,4,17.9061,duplicate,
29,5,17.9061,duplicate,
29,6,17.9061,duplicate,
29,7,17.9061,duplicate,
29,8,17.9061,duplicate,
29,9,17.9061,duplicate,
29,10,17.9061,duplicate,
29,11,17.9061,duplicate,
29,12,17.9061,duplicate,
29,13,17.9061,duplicate,
29,14,17.9061,duplicate,
29,15,17.9061,duplicate,
29,16,17.9061,duplicate,
29,17,17.9061,duplicate,
29,18,17.9061,duplicate,
29,19,17.9061,duplicate,
29,20,17.9061,duplicate,
29,21,17.9061,duplicate,
29,22,17.9061,duplicate,
29,23,17.9061,duplicate,
29,24,17.9061,duplicate,
29,25,69.8703
29,26,37.7201
29,27,91.5948
29,28,37.0048
29,29,60.9308
29,30,57.5514
29,31,101.551
30,0,17.9061
30,1,17.9061,duplicate,
30,2,17.9061,duplicate,
30,3,17.9061,duplicate,
30,4,17.9061,duplicate,
30,5,17.9061,duplicate,
30,6,17.9061,duplicate,
30,7,17.9061,duplicate,
30,8,17.9061,duplicate,
30,9,17.9061,duplicate,
30,10,17.9061,duplicate,
30,11,17.9061,duplicate,
30,12,17.9061,duplicate,
30,13,17.9061,duplicate,
30,14,17.9061,duplicate,
30,15,17.9061,duplicate,
30,16,17.9061,duplicate,
30,17,17.9061,duplicate,
30,18,17.9061,duplicate,
30,19,17.9061,duplicate,
30,20,17.9061,duplicate,
30,21,17.9061,duplicate,
30,22,17.9061,duplicate,
30,23,17.9061,duplicate,
30,24,71.7476
30,25,56.791
30,26,57.6197
30,27,16.8726
30,28,38.5578
30,29,58.8407
30,30,69.6663
30,31,95.8723
31,0,30.979
31,1,17.9061
31,2,17.9061,duplicate,
31,3,17.9061,duplicate,
31,4,17.9061,duplicate,
31,5,17.9061,duplicate,
31,6,17.9061,duplicate,
31,7,17.9061,duplicate,
31,8,16.8726
31,9,17.9061,duplicate,
31,10,17.9061,duplicate,
31,11,17.9061,duplicate,
31,12,17.9061,duplicate,
31,13,17.9061,duplicate,
31,14,17.9061,duplicate,
31,15,17.9061,duplicate,
31,16,17.9061,duplicate,
31,17,17.9061,duplicate,
31,18,17.9061,duplicate,
31,19,17.9061,duplicate,
31,20,17.9061,duplicate,
31,21,17.9061,duplicate,
31,22,17.9061,duplicate,
31,23,30.979,duplicate,
31,24,45.7268
31,25,74.5832
31,26,61.6721
31,27,71.1684
31,28,46.2324
31,29,62.0916
31,30,17.8102
31,31,123.111
32,0,17.8102
32,1,4.1541


Generation: 32
Estrutura final encontrada, com diferença de volume = 4.1541
Resultados gravados com sucesso no arquivo 'resultados.txt'.
Tempo de execucao: 182 minutos
