Geração,Iteração,Fitness
0,0,415.448
0,1,476.871
0,2,266.114
0,3,395.707
0,4,343.65
0,5,277.092
0,6,315.47
0,7,475.897
0,8,333.987
0,9,341.67
0,10,398.851
0,11,360.578
0,12,398.603
0,13,442.034
0,14,435.766
0,15,453.495
0,16,392.846
0,17,410.261
0,18,323.202
0,19,500.8
0,20,307.006
0,21,481.633
0,22,388.238
0,23,398.16
0,24,492.327
0,25,378.187
0,26,398.476
0,27,419.521
0,28,452.027
0,29,382.69
0,30,325.073
0,31,457.875
0,32,305.638
0,33,441.708
0,34,420.468
0,35,433.363
0,36,265.595
0,37,326.284
0,38,363.462
0,39,359.459
0,40,336.044
0,41,354.14
0,42,396.173
0,43,286.16
0,44,460.619
0,45,469.723
0,46,351.676
0,47,448.293
0,48,370.307
0,49,559.692
0,50,412.534
0,51,462.901
0,52,472.655
0,53,326.289
0,54,247.07
0,55,377.054
0,56,390.142
0,57,194.856
0,58,419.167
0,59,502.724
0,60,390.024
0,61,287.251
0,62,383.807
0,63,413.028
0,64,397.41
0,65,408.461
0,66,372.984
0,67,464.8
0,68,427.539
0,69,560.799
0,70,341.395
0,71,443.934
0,72,309.521
0,73,596.488
0,74,446.385
0,75,438.52
0,76,352.69
0,77,287.267
0,78,390.153
0,79,387.874
0,80,454.52
0,81,535.54
0,82,376.417
0,83,374.005
0,84,438.218
0,85,388.527
0,86,390.778
0,87,485.198
0,88,334.509
0,89,398.441
0,90,408.57
0,91,463.37
0,92,293.305
0,93,383.548
0,94,365.611
0,95,423.401
0,96,342.213
0,97,414.479
0,98,368.112
0,99,383.068
0,100,352.444
0,101,460.104
0,102,339.01
0,103,337.447
0,104,281.094
0,105,398.715
0,106,406.842
0,107,443.701
0,108,330.325
0,109,344.286
0,110,421.315
0,111,358.183
0,112,491.452
0,113,429.562
0,114,324.328
0,115,447.351
0,116,401.708
0,117,403.005
0,118,380.683
0,119,393.255
0,120,360.674
0,121,444.206
0,122,442.818
0,123,523.068
0,124,364.257
0,125,380.556
0,126,429.701
0,127,299.186
0,128,468.454
0,129,356.594
0,130,339.618
0,131,455.1
0,132,406.805
0,133,314.457
0,134,543.283
0,135,497.487
0,136,424.858
0,137,398.206
0,138,464.913
0,139,407.605
0,140,428.655
0,141,499.451
0,142,361.432
0,143,304.911
0,144,336.627
0,145,421.319
0,146,482.75
0,147,480.419
0,148,423.122
0,149,370.515
1,0,145.538
1,1,261.631
1,2,222.665
1,3,269.909
1,4,252.735
1,5,305.284
1,6,287.251
1,7,253.766
1,8,270.082
1,9,240.908
1,10,317.429
1,11,266.064
1,12,277.092
1,13,387.683
1,14,221.884
1,15,298.207
1,16,177.688
1,17,302.116
1,18,299.817
1,19,213.726
1,20,287.91
1,21,310.376
1,22,305.143
1,23,224.145
1,24,182.908
1,25,230.361
1,26,281.29
1,27,285.098
1,28,264.646
1,29,257.319
1,30,302.784
1,31,286.013
2,0,167.58
2,1,201.51
2,2,182.908
2,3,195.782
2,4,262.721
2,5,282.784
2,6,224.725
2,7,252.213
2,8,143.09
2,9,227.14
2,10,172.582
2,11,208.977
2,12,237.326
2,13,251.361
2,14,229.924
2,15,230.361
2,16,227.494
2,17,165.986
2,18,247.433
2,19,286.321
2,20,314.475
2,21,221.309
2,22,288.202
2,23,262.11
2,24,197.08
2,25,199.401
2,26,206.869
2,27,203.633
2,28,214.489
2,29,281.792
2,30,262.904
2,31,225.456
3,0,166.507
3,1,155.374
3,2,182.053
3,3,182.908
3,4,136.998
3,5,227.168
3,6,158.673
3,7,190.376
3,8,190.399
3,9,165.202
3,10,167.788
3,11,172.582
3,12,155.517
3,13,195.782
3,14,170.485
3,15,224.772
3,16,115.943
3,17,168.746
3,18,146.363
3,19,187.642
3,20,172.567
3,21,220.486
3,22,170.897
3,23,152.075
3,24,163.432
3,25,120.382
3,26,165.623
3,27,216.927
3,28,183.197
3,29,277.284
3,30,274.707
3,31,213.523
4,0,115.943
4,1,136.998
4,2,117.838
4,3,163.934
4,4,173.669
4,5,155.517
4,6,190.083
4,7,127.5
4,8,115.943,duplicate,
4,9,120.382
4,10,113.548
4,11,146.363
4,12,161.482
4,13,146.874
4,14,146.491
4,15,143.404
4,16,115.943,duplicate,
4,17,198.676
4,18,172.582
4,19,143.437
4,20,156.357
4,21,130.591
4,22,162.344
4,23,158.673
4,24,163.384
4,25,117.348
4,26,157.436
4,27,226.609
4,28,244.677
4,29,169.667
4,30,204.034
4,31,163.373
5,0,120.382
5,1,115.943
5,2,115.943,duplicate,
5,3,115.943,duplicate,
5,4,156.868
5,5,120.382,duplicate,
5,6,120.382,duplicate,
5,7,95.5753
5,8,110.468
5,9,115.943,duplicate,
5,10,115.943,duplicate,
5,11,99.2447
5,12,117.348
5,13,117.838
5,14,118.013
5,15,127.5
5,16,128.263
5,17,115.943,duplicate,
5,18,115.943,duplicate,
5,19,106.677
5,20,111.57
5,21,151.992
5,22,122.686
5,23,135.722
5,24,166.798
5,25,152.088
5,26,121.736
5,27,149.392
5,28,183.389
5,29,163.725
5,30,145.49
5,31,151.421
6,0,127.5
6,1,115.943
6,2,100.883
6,3,111.57
6,4,120.382
6,5,115.943,duplicate,
6,6,115.943,duplicate,
6,7,72.1541
6,8,95.5753
6,9,99.2447
6,10,106.677
6,11,110.468
6,12,98.5458
6,13,115.943,duplicate,
6,14,115.943,duplicate,
6,15,96.4437
6,16,115.927
6,17,106.677,duplicate,
6,18,94.2465
6,19,121.31
6,20,111.57,duplicate,
6,21,115.943,duplicate,
6,22,115.943,duplicate,
6,23,130.972
6,24,144.36
6,25,129.178
6,26,125.348
6,27,136.356
6,28,150.22
6,29,207.912
6,30,73.9022
6,31,98.4699
7,0,73.9022
7,1,94.2465
7,2,95.5753
7,3,119.071
7,4,106.92
7,5,98.5458
7,6,106.677
7,7,72.1541
7,8,50.123
7,9,73.9022,duplicate,
7,10,109.15
7,11,87.1488
7,12,96.4437
7,13,98.4699
7,14,89.8554
7,15,75.7711
7,16,73.9022,duplicate,
7,17,102.974
7,18,67.9264
7,19,110.48
7,20,125.841
7,21,98.5458,duplicate,
7,22,106.677,duplicate,
7,23,80.859
7,24,94.6435
7,25,84.8263
7,26,170.226
7,27,124.526
7,28,160.01
7,29,138.554
7,30,169.295
7,31,103.801
8,0,67.9264
8,1,67.9264,duplicate,
8,2,81.9545
8,3,73.9022
8,4,73.9022,duplicate,
8,5,75.7711
8,6,80.859
8,7,44.7574
8,8,44.7574,duplicate,
8,9,67.9264,duplicate,
8,10,50.123
8,11,73.9022,duplicate,
8,12,73.9022,duplicate,
8,13,53.9737
8,14,75.7711,duplicate,
8,15,80.859,duplicate,
8,16,50.123,duplicate,
8,17,95.5753
8,18,86.0162
8,19,73.9022,duplicate,
8,20,73.9022,duplicate,
8,21,73.9022,duplicate,
8,22,75.7711,duplicate,
8,23,86.5406
8,24,157.02
8,25,90.6035
8,26,103.993
8,27,161.627
8,28,170.474
8,29,184.048
8,30,71.8712
8,31,95.9478
9,0,44.7574
9,1,44.7574,duplicate,
9,2,50.123
9,3,59.0716
9,4,67.9264
9,5,67.9264,duplicate,
9,6,67.9264,duplicate,
9,7,67.9264,duplicate,
9,8,44.7574,duplicate,
9,9,50.123,duplicate,
9,10,50.123,duplicate,
9,11,50.123,duplicate,
9,12,53.9737
9,13,67.9264,duplicate,
9,14,67.9264,duplicate,
9,15,67.9264,duplicate,
9,16,44.7574,duplicate,
9,17,44.7574,duplicate,
9,18,50.123,duplicate,
9,19,50.123,duplicate,
9,20,76.8937
9,21,67.9264,duplicate,
9,22,67.9264,duplicate,
9,23,44.7574,duplicate,
9,24,50.109
9,25,86.896
9,26,90.6934
9,27,91.5578
9,28,100.369
9,29,97.8856
9,30,106.575
9,31,151.919
10,0,44.7574
10,1,44.7574,duplicate,
10,2,44.7574,duplicate,
10,3,44.7574,duplicate,
10,4,44.7574,duplicate,
10,5,44.7574,duplicate,
10,6,72.3576
10,7,44.7574,duplicate,
10,8,44.7574,duplicate,
10,9,44.7574,duplicate,
10,10,44.7574,duplicate,
10,11,44.7574,duplicate,
10,12,44.7574,duplicate,
10,13,50.109
10,14,74.5889
10,15,44.7574,duplicate,
10,16,44.7574,duplicate,
10,17,44.7574,duplicate,
10,18,44.7574,duplicate,
10,19,44.7574,duplicate,
10,20,44.7574,duplicate,
10,21,44.7574,duplicate,
10,22,74.5889,duplicate,
10,23,50.123
10,24,105.641
10,25,75.993
10,26,72.1541
10,27,48.0072
10,28,77.252
10,29,48.4374
10,30,99.4907
10,31,107.551
11,0,44.7574
11,1,44.7574,duplicate,
11,2,44.7574,duplicate,
11,3,44.7574,duplicate,
11,4,44.7574,duplicate,
11,5,44.7574,duplicate,
11,6,44.7574,duplicate,
11,7,44.7574,duplicate,
11,8,44.7574,duplicate,
11,9,44.7574,duplicate,
11,10,44.7574,duplicate,
11,11,44.7574,duplicate,
11,12,44.7574,duplicate,
11,13,44.7574,duplicate,
11,14,44.7574,duplicate,
11,15,44.7574,duplicate,
11,16,44.7574,duplicate,
11,17,44.7574,duplicate,
11,18,44.7574,duplicate,
11,19,44.7574,duplicate,
11,20,44.7574,duplicate,
11,21,44.7574,duplicate,
11,22,44.7574,duplicate,
11,23,44.7574,duplicate,
11,24,127.957
11,25,78.1747
11,26,125.67
11,27,131.531
11,28,65.7305
11,29,95.1924
11,30,91.083
11,31,119.419
12,0,44.7574
12,1,44.7574,duplicate,
12,2,44.7574,duplicate,
12,3,44.7574,duplicate,
12,4,44.7574,duplicate,
12,5,44.7574,duplicate,
12,6,44.7574,duplicate,
12,7,44.7574,duplicate,
12,8,44.7574,duplicate,
12,9,44.7574,duplicate,
12,10,44.7574,duplicate,
12,11,44.7574,duplicate,
12,12,44.7574,duplicate,
12,13,44.7574,duplicate,
12,14,44.7574,duplicate,
12,15,44.7574,duplicate,
12,16,44.7574,duplicate,
12,17,44.7574,duplicate,
12,18,44.7574,duplicate,
12,19,44.7574,duplicate,
12,20,44.7574,duplicate,
12,21,44.7574,duplicate,
12,22,44.7574,duplicate,
12,23,44.7574,duplicate,
12,24,91.2582
12,25,76.9779
12,26,74.4729
12,27,93.9806
12,28,90.7948
12,29,123.092
12,30,98.3398
12,31,99.3478
13,0,44.7574
13,1,44.7574,duplicate,
13,2,44.7574,duplicate,
13,3,44.7574,duplicate,
13,4,44.7574,duplicate,
13,5,44.7574,duplicate,
13,6,44.7574,duplicate,
13,7,44.7574,duplicate,
13,8,44.7574,duplicate,
13,9,44.7574,duplicate,
13,10,44.7574,duplicate,
13,11,44.7574,duplicate,
13,12,44.7574,duplicate,
13,13,44.7574,duplicate,
13,14,44.7574,duplicate,
13,15,44.7574,duplicate,
13,16,44.7574,duplicate,
13,17,44.7574,duplicate,
13,18,44.7574,duplicate,
13,19,44.7574,duplicate,
13,20,44.7574,duplicate,
13,21,44.7574,duplicate,
13,22,44.7574,duplicate,
13,23,44.7574,duplicate,
13,24,127.957
13,25,86.2357
13,26,96.1606
13,27,50.109
13,28,107.748
13,29,79.8797
13,30,115.805
13,31,165.533
14,0,44.7574
14,1,44.7574,duplicate,
14,2,44.7574,duplicate,
14,3,44.7574,duplicate,
14,4,44.7574,duplicate,
14,5,44.7574,duplicate,
14,6,44.7574,duplicate,
14,7,44.7574,duplicate,
14,8,44.7574,duplicate,
14,9,44.7574,duplicate,
14,10,44.7574,duplicate,
14,11,44.7574,duplicate,
14,12,44.7574,duplicate,
14,13,44.7574,duplicate,
14,14,44.7574,duplicate,
14,15,44.7574,duplicate,
14,16,44.7574,duplicate,
14,17,44.7574,duplicate,
14,18,44.7574,duplicate,
14,19,44.7574,duplicate,
14,20,44.7574,duplicate,
14,21,44.7574,duplicate,
14,22,44.7574,duplicate,
14,23,44.7574,duplicate,
14,24,89.6436
14,25,99.8757
14,26,163.401
14,27,128.174
14,28,105.58
14,29,84.114
14,30,91.3248
14,31,76.8527
15,0,44.7574
15,1,44.7574,duplicate,
15,2,44.7574,duplicate,
15,3,44.7574,duplicate,
15,4,44.7574,duplicate,
15,5,44.7574,duplicate,
15,6,44.7574,duplicate,
15,7,44.7574,duplicate,
15,8,44.7574,duplicate,
15,9,44.7574,duplicate,
15,10,44.7574,duplicate,
15,11,44.7574,duplicate,
15,12,44.7574,duplicate,
15,13,44.7574,duplicate,
15,14,44.7574,duplicate,
15,15,44.7574,duplicate,
15,16,44.7574,duplicate,
15,17,44.7574,duplicate,
15,18,44.7574,duplicate,
15,19,44.7574,duplicate,
15,20,44.7574,duplicate,
15,21,44.7574,duplicate,
15,22,44.7574,duplicate,
15,23,44.7574,duplicate,
15,24,112.59
15,25,35.4958
15,26,86.0459
15,27,109.18
15,28,85.1103
15,29,123.092
15,30,110.571
15,31,98.3398
16,0,35.4958
16,1,44.7574
16,2,44.7574,duplicate,
16,3,44.7574,duplicate,
16,4,44.7574,duplicate,
16,5,44.7574,duplicate,
16,6,44.7574,duplicate,
16,7,35.4958,duplicate,
16,8,35.0182
16,9,44.7574,duplicate,
16,10,44.7574,duplicate,
16,11,44.7574,duplicate,
16,12,44.7574,duplicate,
16,13,44.7574,duplicate,
16,14,44.7574,duplicate,
16,15,44.7574,duplicate,
16,16,44.7574,duplicate,
16,17,44.7574,duplicate,
16,18,44.7574,duplicate,
16,19,44.7574,duplicate,
16,20,44.7574,duplicate,
16,21,44.7574,duplicate,
16,22,44.7574,duplicate,
16,23,44.7574,duplicate,
16,24,85.6994
16,25,113.071
16,26,79.918
16,27,101.74
16,28,108.006
16,29,116.924
16,30,93.8045
16,31,114.247
17,0,35.0182
17,1,35.4958
17,2,35.4958,duplicate,
17,3,44.7574
17,4,44.7574,duplicate,
17,5,44.7574,duplicate,
17,6,44.7574,duplicate,
17,7,44.7574,duplicate,
17,8,35.0182,duplicate,
17,9,35.4958,duplicate,
17,10,35.4958,duplicate,
17,11,44.7574,duplicate,
17,12,44.7574,duplicate,
17,13,44.7574,duplicate,
17,14,44.7574,duplicate,
17,15,44.7574,duplicate,
17,16,35.0182,duplicate,
17,17,35.4958,duplicate,
17,18,44.7574,duplicate,
17,19,44.7574,duplicate,
17,20,44.7574,duplicate,
17,21,44.7574,duplicate,
17,22,44.7574,duplicate,
17,23,44.7574,duplicate,
17,24,109.627
17,25,90.7184
17,26,90.8658
17,27,75.9248
17,28,115.543
17,29,77.8752
17,30,81.9681
17,31,90.5733
18,0,35.0182
18,1,35.0182,duplicate,
18,2,35.4958
18,3,35.4958,duplicate,
18,4,35.4958,duplicate,
18,5,35.4958,duplicate,
18,6,35.4958,duplicate,
18,7,35.4958,duplicate,
18,8,35.0182,duplicate,
18,9,35.0182,duplicate,
18,10,35.4958,duplicate,
18,11,35.4958,duplicate,
18,12,35.4958,duplicate,
18,13,35.4958,duplicate,
18,14,35.4958,duplicate,
18,15,35.4958,duplicate,
18,16,35.0182,duplicate,
18,17,35.0182,duplicate,
18,18,35.4958,duplicate,
18,19,35.4958,duplicate,
18,20,35.4958,duplicate,
18,21,35.4958,duplicate,
18,22,35.4958,duplicate,
18,23,35.4958,duplicate,
18,24,101.854
18,25,57.6041
18,26,99.8256
18,27,91.7827
18,28,51.0817
18,29,67.031
18,30,61.2724
18,31,63.2965
19,0,35.0182
19,1,35.0182,duplicate,
19,2,35.0182,duplicate,
19,3,35.0182,duplicate,
19,4,35.0182,duplicate,
19,5,35.0182,duplicate,
19,6,35.4958
19,7,35.4958,duplicate,
19,8,35.0182,duplicate,
19,9,35.0182,duplicate,
19,10,35.0182,duplicate,
19,11,35.0182,duplicate,
19,12,35.0182,duplicate,
19,13,35.4958,duplicate,
19,14,35.4958,duplicate,
19,15,35.4958,duplicate,
19,16,35.0182,duplicate,
19,17,35.0182,duplicate,
19,18,35.0182,duplicate,
19,19,35.0182,duplicate,
19,20,35.0182,duplicate,
19,21,35.0182,duplicate,
19,22,35.4958,duplicate,
19,23,35.4958,duplicate,
19,24,68.4876
19,25,109.793
19,26,68.4876,duplicate,
19,27,112.32
19,28,65.6645
19,29,59.3468
19,30,102.728
19,31,88.143
20,0,35.0182
20,1,35.0182,duplicate,
20,2,35.0182,duplicate,
20,3,35.0182,duplicate,
20,4,35.0182,duplicate,
20,5,35.0182,duplicate,
20,6,35.0182,duplicate,
20,7,35.0182,duplicate,
20,8,35.0182,duplicate,
20,9,35.0182,duplicate,
20,10,35.0182,duplicate,
20,11,35.0182,duplicate,
20,12,35.0182,duplicate,
20,13,35.0182,duplicate,
20,14,35.0182,duplicate,
20,15,35.0182,duplicate,
20,16,35.0182,duplicate,
20,17,35.0182,duplicate,
20,18,35.0182,duplicate,
20,19,35.0182,duplicate,
20,20,35.0182,duplicate,
20,21,35.0182,duplicate,
20,22,35.0182,duplicate,
20,23,35.0182,duplicate,
20,24,130.156
20,25,107.389
20,26,62.3098
20,27,68.7805
20,28,47.2875
20,29,90.488
20,30,35.0182,duplicate,
20,31,71.4327
21,0,35.0182
21,1,35.0182,duplicate,
21,2,35.0182,duplicate,
21,3,35.0182,duplicate,
21,4,35.0182,duplicate,
21,5,35.0182,duplicate,
21,6,35.0182,duplicate,
21,7,35.0182,duplicate,
21,8,35.0182,duplicate,
21,9,35.0182,duplicate,
21,10,35.0182,duplicate,
21,11,35.0182,duplicate,
21,12,35.0182,duplicate,
21,13,35.0182,duplicate,
21,14,35.0182,duplicate,
21,15,35.0182,duplicate,
21,16,35.0182,duplicate,
21,17,35.0182,duplicate,
21,18,35.0182,duplicate,
21,19,35.0182,duplicate,
21,20,35.0182,duplicate,
21,21,35.0182,duplicate,
21,22,35.0182,duplicate,
21,23,35.0182,duplicate,
21,24,103.4
21,25,88.3298
21,26,78.5714
21,27,79.5894
21,28,104.151
21,29,113.261
21,30,90.8612
21,31,39.0616
22,0,35.0182
22,1,35.0182,duplicate,
22,2,35.0182,duplicate,
22,3,35.0182,duplicate,
22,4,35.0182,duplicate,
22,5,35.0182,duplicate,
22,6,35.0182,duplicate,
22,7,35.0182,duplicate,
22,8,35.0182,duplicate,
22,9,35.0182,duplicate,
22,10,35.0182,duplicate,
22,11,35.0182,duplicate,
22,12,35.0182,duplicate,
22,13,35.0182,duplicate,
22,14,35.0182,duplicate,
22,15,35.0182,duplicate,
22,16,35.0182,duplicate,
22,17,35.0182,duplicate,
22,18,35.0182,duplicate,
22,19,35.0182,duplicate,
22,20,35.0182,duplicate,
22,21,35.0182,duplicate,
22,22,35.0182,duplicate,
22,23,35.0182,duplicate,
22,24,23.5003
22,25,58.0445
22,26,89.9794
22,27,76.4891
22,28,50.1897
22,29,20.1173
22,30,50.2081
22,31,91.9194
23,0,11.4144
23,1,11.4144,duplicate,
23,2,35.0182
23,3,35.0182,duplicate,
23,4,35.0182,duplicate,
23,5,35.0182,duplicate,
23,6,35.0182,duplicate,
23,7,44.5388
23,8,20.1173
23,9,48.4374
23,10,35.0182,duplicate,
23,11,35.0182,duplicate,
23,12,35.0182,duplicate,
23,13,35.0182,duplicate,
23,14,35.0182,duplicate,
23,15,11.4144,duplicate,
23,16,11.4144,duplicate,
23,17,48.4374,duplicate,
23,18,35.0182,duplicate,
23,19,35.0182,duplicate,
23,20,35.0182,duplicate,
23,21,35.0182,duplicate,
23,22,35.0182,duplicate,
23,23,20.1173,duplicate,
23,24,20.1173,duplicate,
23,25,72.8743
23,26,95.3096
23,27,88.5109
23,28,146.723
23,29,82.3081
23,30,40.4766
23,31,113.792
24,0,11.4144
24,1,11.4144,duplicate,
24,2,11.4144,duplicate,
24,3,20.1173
24,4,20.1173,duplicate,
24,5,20.1173,duplicate,
24,6,11.4144,duplicate,
24,7,35.0182
24,8,11.4144,duplicate,
24,9,11.4144,duplicate,
24,10,11.4144,duplicate,
24,11,11.4144,duplicate,
24,12,20.1173,duplicate,
24,13,20.1173,duplicate,
24,14,20.1173,duplicate,
24,15,35.0182,duplicate,
24,16,11.4144,duplicate,
24,17,11.4144,duplicate,
24,18,11.4144,duplicate,
24,19,11.4144,duplicate,
24,20,20.1173,duplicate,
24,21,20.1173,duplicate,
24,22,44.5388
24,23,35.0182,duplicate,
24,24,67.4539
24,25,36.6718
24,26,34.5571
24,27,76.5785
24,28,76.181
24,29,51.9569
24,30,103.359
24,31,98.5484
25,0,11.4144
25,1,11.4144,duplicate,
25,2,11.4144,duplicate,
25,3,11.4144,duplicate,
25,4,11.4144,duplicate,
25,5,11.4144,duplicate,
25,6,11.4144,duplicate,
25,7,11.4144,duplicate,
25,8,11.4144,duplicate,
25,9,11.4144,duplicate,
25,10,11.4144,duplicate,
25,11,11.4144,duplicate,
25,12,11.4144,duplicate,
25,13,11.4144,duplicate,
25,14,11.4144,duplicate,
25,15,11.4144,duplicate,
25,16,11.4144,duplicate,
25,17,11.4144,duplicate,
25,18,11.4144,duplicate,
25,19,11.4144,duplicate,
25,20,11.4144,duplicate,
25,21,11.4144,duplicate,
25,22,11.4144,duplicate,
25,23,11.4144,duplicate,
25,24,89.0861
25,25,49.3459
25,26,41.77
25,27,87.8795
25,28,50.3295
25,29,35.6618
25,30,51.5337
25,31,67.8159
26,0,11.4144
26,1,11.4144,duplicate,
26,2,11.4144,duplicate,
26,3,11.4144,duplicate,
26,4,11.4144,duplicate,
26,5,11.4144,duplicate,
26,6,11.4144,duplicate,
26,7,11.4144,duplicate,
26,8,11.4144,duplicate,
26,9,11.4144,duplicate,
26,10,11.4144,duplicate,
26,11,11.4144,duplicate,
26,12,11.4144,duplicate,
26,13,11.4144,duplicate,
26,14,11.4144,duplicate,
26,15,11.4144,duplicate,
26,16,11.4144,duplicate,
26,17,11.4144,duplicate,
26,18,11.4144,duplicate,
26,19,11.4144,duplicate,
26,20,11.4144,duplicate,
26,21,11.4144,duplicate,
26,22,11.4144,duplicate,
26,23,11.4144,duplicate,
26,24,90.6429
26,25,10.7382
26,26,65.6079
26,27,67.5881
26,28,44.4526
26,29,91.4932
26,30,23.2645
26,31,69.663
27,0,10.7382
27,1,11.4144
27,2,11.4144,duplicate,
27,3,11.4144,duplicate,
27,4,11.4144,duplicate,
27,5,11.4144,duplicate,
27,6,11.4144,duplicate,
27,7,11.4144,duplicate,
27,8,10.7382,duplicate,
27,9,11.4144,duplicate,
27,10,11.4144,duplicate,
27,11,11.4144,duplicate,
27,12,11.4144,duplicate,
27,13,11.4144,duplicate,
27,14,11.4144,duplicate,
27,15,1.9716

Generation: 27
Estrutura final encontrada, com diferença de volume = 1.9716
Resultados gravados com sucesso no arquivo 'resultados.txt'.
Tempo de execucao: 141 minutos

