Geração,Iteração,Fitness
0,0,454.243
0,1,476.495
0,2,478.452
0,3,317.126
0,4,295.614
0,5,501.703
0,6,540.894
0,7,478.21
0,8,393.904
0,9,376.748
0,10,309.581
0,11,443.968
0,12,316.616
0,13,372.13
0,14,285.135
0,15,401.594
0,16,467.33
0,17,315.384
0,18,372.642
0,19,280.513
0,20,408.478
0,21,205.548
0,22,475.925
0,23,279.094
0,24,450.845
0,25,475.95
0,26,309.386
0,27,393.691
0,28,528.788
0,29,321.111
0,30,345.726
0,31,374.915
0,32,388.63
0,33,492.14
0,34,373.083
0,35,384.83
0,36,476.748
0,37,409.037
0,38,275.847
0,39,454.398
0,40,413.797
0,41,302.109
0,42,309.476
0,43,443.895
0,44,271.046
0,45,410.854
0,46,430.7
0,47,424.093
0,48,432.021
0,49,409.253
0,50,436.362
0,51,205.004
0,52,349.634
0,53,350.793
0,54,472.27
0,55,431.625
0,56,387.293
0,57,384.236
0,58,453.981
0,59,408.815
0,60,484.301
0,61,457.572
0,62,449.911
0,63,338.735
0,64,364.791
0,65,362.631
0,66,340.618
0,67,335.536
0,68,463.449
0,69,346.026
0,70,309.256
0,71,349.288
0,72,324.758
0,73,375.556
0,74,351.402
0,75,289.251
0,76,420.011
0,77,469.05
0,78,434.177
0,79,399.342
0,80,288.669
0,81,104.825
0,82,476.915
0,83,446.159
0,84,493.286
0,85,454.261
0,86,376.435
0,87,418.659
0,88,488.37
0,89,472.922
0,90,465.217
0,91,554.848
0,92,401.439
0,93,374.837
0,94,344.318
0,95,442.51
0,96,358.559
0,97,396.301
0,98,410.853
0,99,409.61
0,100,506.826
0,101,305.121
0,102,397.42
0,103,397.861
0,104,346.227
0,105,418.782
0,106,367.05
0,107,368.292
0,108,231.896
0,109,545.018
0,110,297.159
0,111,414.488
0,112,365.54
0,113,425.314
0,114,300.977
0,115,341.191
0,116,406.707
0,117,342.411
0,118,358.733
0,119,449.889
0,120,467.741
0,121,465.139
0,122,419.278
0,123,471.266
0,124,471.07
0,125,369.094
0,126,420.736
0,127,449.396
0,128,408.494
0,129,474.647
0,130,426.702
0,131,338.993
0,132,376.815
0,133,428.506
0,134,286.97
0,135,305.777
0,136,342.135
0,137,394.546
0,138,349.202
0,139,302.437
0,140,339.727
0,141,476.007
0,142,373.751
0,143,345.227
0,144,404.787
0,145,467.083
0,146,401.097
0,147,543.421
0,148,401.887
0,149,520.727
1,0,164.387
1,1,220.392
1,2,285.111
1,3,202.556
1,4,279.927
1,5,312.565
1,6,288.857
1,7,202.589
1,8,179.315
1,9,233.67
1,10,221.686
1,11,246.944
1,12,289.951
1,13,256.851
1,14,241.054
1,15,226.35
1,16,87.2442
1,17,201.827
1,18,168.409
1,19,270.506
1,20,309.04
1,21,315.887
1,22,307.439
1,23,226.832
1,24,158.191
1,25,129.164
1,26,227.635
1,27,256.413
1,28,325.285
1,29,253.044
1,30,278.859
1,31,249.876
2,0,64.4719
2,1,124.676
2,2,164.387
2,3,117.197
2,4,152.489
2,5,210.883
2,6,257.499
2,7,87.2442
2,8,168.165
2,9,77.4693
2,10,158.191
2,11,178.755
2,12,130.349
2,13,174.118
2,14,201.827
2,15,188.881
2,16,64.4719,duplicate,
2,17,73.2482
2,18,140.656
2,19,157.18
2,20,148.441
2,21,148.265
2,22,238.209
2,23,108.523
2,24,165.638
2,25,183.471
2,26,166.497
2,27,164.387,duplicate,
2,28,178.012
2,29,222.847
2,30,172.367
2,31,229.314
3,0,64.4719
3,1,87.2442
3,2,73.2482
3,3,87.3372
3,4,102.722
3,5,97.4886
3,6,124.676
3,7,49.8694
3,8,64.4719,duplicate,
3,9,64.4719,duplicate,
3,10,73.2482,duplicate,
3,11,77.4693
3,12,87.2442,duplicate,
3,13,131.322
3,14,165.028
3,15,121.219
3,16,64.4719,duplicate,
3,17,50.2454
3,18,42.0074
3,19,100.559
3,20,77.655
3,21,97.8903
3,22,93.7435
3,23,89.0185
3,24,91.7407
3,25,110.722
3,26,77.1822
3,27,104.149
3,28,133.411
3,29,139.018
3,30,214.774
3,31,166.039
4,0,49.8694
4,1,42.0074
4,2,64.4719
4,3,64.4719,duplicate,
4,4,64.4719,duplicate,
4,5,64.4719,duplicate,
4,6,64.4719,duplicate,
4,7,50.2454
4,8,42.0074,duplicate,
4,9,42.0074,duplicate,
4,10,50.2454,duplicate,
4,11,64.4719,duplicate,
4,12,64.4719,duplicate,
4,13,64.4719,duplicate,
4,14,64.4719,duplicate,
4,15,73.2482
4,16,35.132
4,17,58.8681
4,18,50.2454,duplicate,
4,19,64.4719,duplicate,
4,20,64.4719,duplicate,
4,21,64.4719,duplicate,
4,22,50.2454,duplicate,
4,23,50.2454,duplicate,
4,24,137.33
4,25,70.6539
4,26,56.9058
4,27,113.368
4,28,90.8424
4,29,149.875
4,30,120.939
4,31,83.1615
5,0,35.132
5,1,42.0074
5,2,42.0074,duplicate,
5,3,49.8694
5,4,49.8694,duplicate,
5,5,50.2454
5,6,50.2454,duplicate,
5,7,50.2454,duplicate,
5,8,35.132,duplicate,
5,9,42.0074,duplicate,
5,10,42.0074,duplicate,
5,11,35.132,duplicate,
5,12,49.8694,duplicate,
5,13,50.2454,duplicate,
5,14,50.2454,duplicate,
5,15,50.2454,duplicate,
5,16,42.0074,duplicate,
5,17,42.0074,duplicate,
5,18,42.0074,duplicate,
5,19,49.8694,duplicate,
5,20,42.0074,duplicate,
5,21,50.2454,duplicate,
5,22,50.2454,duplicate,
5,23,42.0074,duplicate,
5,24,114.987
5,25,82.9089
5,26,114.501
5,27,120.599
5,28,90.8178
5,29,50.123
5,30,118.103
5,31,117.549
6,0,35.132
6,1,35.132,duplicate,
6,2,35.132,duplicate,
6,3,42.0074
6,4,42.0074,duplicate,
6,5,42.0074,duplicate,
6,6,42.0074,duplicate,
6,7,42.0074,duplicate,
6,8,35.132,duplicate,
6,9,35.132,duplicate,
6,10,42.0074,duplicate,
6,11,42.0074,duplicate,
6,12,42.0074,duplicate,
6,13,42.0074,duplicate,
6,14,42.0074,duplicate,
6,15,35.132,duplicate,
6,16,35.132,duplicate,
6,17,35.132,duplicate,
6,18,35.132,duplicate,
6,19,42.0074,duplicate,
6,20,42.0074,duplicate,
6,21,42.0074,duplicate,
6,22,42.0074,duplicate,
6,23,35.132,duplicate,
6,24,105.214
6,25,81.5768
6,26,101.305
6,27,44.7574
6,28,102.758
6,29,107.937
6,30,96.0942
6,31,76.287
7,0,35.132
7,1,35.132,duplicate,
7,2,35.132,duplicate,
7,3,35.132,duplicate,
7,4,35.132,duplicate,
7,5,35.132,duplicate,
7,6,35.132,duplicate,
7,7,35.132,duplicate,
7,8,35.132,duplicate,
7,9,35.132,duplicate,
7,10,35.132,duplicate,
7,11,35.132,duplicate,
7,12,35.132,duplicate,
7,13,35.132,duplicate,
7,14,35.132,duplicate,
7,15,35.132,duplicate,
7,16,35.132,duplicate,
7,17,35.132,duplicate,
7,18,35.132,duplicate,
7,19,35.132,duplicate,
7,20,35.132,duplicate,
7,21,35.132,duplicate,
7,22,35.132,duplicate,
7,23,35.132,duplicate,
7,24,74.8196
7,25,80.2958
7,26,81.9906
7,27,46.9312
7,28,96.4537
7,29,97.0961
7,30,101.066
7,31,93.4595
8,0,35.132
8,1,35.132,duplicate,
8,2,35.132,duplicate,
8,3,35.132,duplicate,
8,4,35.132,duplicate,
8,5,35.132,duplicate,
8,6,35.132,duplicate,
8,7,35.132,duplicate,
8,8,35.132,duplicate,
8,9,35.132,duplicate,
8,10,35.132,duplicate,
8,11,35.132,duplicate,
8,12,35.132,duplicate,
8,13,35.132,duplicate,
8,14,35.132,duplicate,
8,15,35.132,duplicate,
8,16,35.132,duplicate,
8,17,35.132,duplicate,
8,18,35.132,duplicate,
8,19,35.132,duplicate,
8,20,35.132,duplicate,
8,21,35.132,duplicate,
8,22,35.132,duplicate,
8,23,35.132,duplicate,
8,24,35.1069
8,25,76.0126
8,26,85.1116
8,27,14.3961
8,28,89.3165
8,29,67.5641
8,30,53.6565
8,31,86.8161
9,0,35.1069
9,1,35.132
9,2,35.132,duplicate,
9,3,35.132,duplicate,
9,4,35.132,duplicate,
9,5,35.132,duplicate,
9,6,35.132,duplicate,
9,7,14.3961
9,8,14.3961,duplicate,
9,9,35.1069,duplicate,
9,10,35.132,duplicate,
9,11,35.132,duplicate,
9,12,35.132,duplicate,
9,13,35.132,duplicate,
9,14,35.132,duplicate,
9,15,14.3961,duplicate,
9,16,14.3961,duplicate,
9,17,35.1069,duplicate,
9,18,35.132,duplicate,
9,19,35.132,duplicate,
9,20,35.132,duplicate,
9,21,35.132,duplicate,
9,22,35.132,duplicate,
9,23,10.5289
9,24,85.5271
9,25,65.507
9,26,50.4
9,27,80.4261
9,28,51.4716
9,29,61.7185
9,30,99.8488
9,31,35.132,duplicate,
10,0,14.3961
10,1,14.3961,duplicate,
10,2,14.3961,duplicate,
10,3,14.3961,duplicate,
10,4,14.3961,duplicate,
10,5,35.1069
10,6,35.1069,duplicate,
10,7,10.5289
10,8,10.5289,duplicate,
10,9,14.3961,duplicate,
10,10,14.3961,duplicate,
10,11,14.3961,duplicate,
10,12,14.3961,duplicate,
10,13,35.1069,duplicate,
10,14,35.1069,duplicate,
10,15,10.5289,duplicate,
10,16,10.5289,duplicate,
10,17,14.3961,duplicate,
10,18,14.3961,duplicate,
10,19,14.3961,duplicate,
10,20,35.1069,duplicate,
10,21,35.1069,duplicate,
10,22,35.1069,duplicate,
10,23,10.5289,duplicate,
10,24,82.0155
10,25,70.8342
10,26,59.0192
10,27,24.8938
10,28,58.4185
10,29,83.8208
10,30,97.7251
10,31,39.9496
11,0,10.5289
11,1,10.5289,duplicate,
11,2,10.5289,duplicate,
11,3,10.5289,duplicate,
11,4,10.5289,duplicate,
11,5,14.3961
11,6,14.3961,duplicate,
11,7,14.3961,duplicate,
11,8,10.5289,duplicate,
11,9,10.5289,duplicate,
11,10,10.5289,duplicate,
11,11,10.5289,duplicate,
11,12,10.5289,duplicate,
11,13,14.3961,duplicate,
11,14,14.3961,duplicate,
11,15,14.3961,duplicate,
11,16,10.5289,duplicate,
11,17,10.5289,duplicate,
11,18,10.5289,duplicate,
11,19,10.5289,duplicate,
11,20,10.5289,duplicate,
11,21,14.3961,duplicate,
11,22,14.3961,duplicate,
11,23,14.3961,duplicate,
11,24,91.7815
11,25,71.7261
11,26,70.6212
11,27,73.5049
11,28,34.2418
11,29,50.4
11,30,60.5716
11,31,64.3617
12,0,10.5289
12,1,10.5289,duplicate,
12,2,10.5289,duplicate,
12,3,10.5289,duplicate,
12,4,10.5289,duplicate,
12,5,10.5289,duplicate,
12,6,10.5289,duplicate,
12,7,10.5289,duplicate,
12,8,10.5289,duplicate,
12,9,10.5289,duplicate,
12,10,10.5289,duplicate,
12,11,10.5289,duplicate,
12,12,10.5289,duplicate,
12,13,10.5289,duplicate,
12,14,10.5289,duplicate,
12,15,10.5289,duplicate,
12,16,10.5289,duplicate,
12,17,10.5289,duplicate,
12,18,10.5289,duplicate,
12,19,10.5289,duplicate,
12,20,10.5289,duplicate,
12,21,10.5289,duplicate,
12,22,10.5289,duplicate,
12,23,10.5289,duplicate,
12,24,77.8636
12,25,83.7011
12,26,70.8046
12,27,66.8858
12,28,46.6917
12,29,10.5289,duplicate,
12,30,73.8954
12,31,56.9971
13,0,10.5289
13,1,10.5289,duplicate,
13,2,10.5289,duplicate,
13,3,10.5289,duplicate,
13,4,10.5289,duplicate,
13,5,10.5289,duplicate,
13,6,10.5289,duplicate,
13,7,10.5289,duplicate,
13,8,10.5289,duplicate,
13,9,10.5289,duplicate,
13,10,10.5289,duplicate,
13,11,10.5289,duplicate,
13,12,10.5289,duplicate,
13,13,10.5289,duplicate,
13,14,10.5289,duplicate,
13,15,10.5289,duplicate,
13,16,10.5289,duplicate,
13,17,10.5289,duplicate,
13,18,10.5289,duplicate,
13,19,10.5289,duplicate,
13,20,10.5289,duplicate,
13,21,10.5289,duplicate,
13,22,10.5289,duplicate,
13,23,10.5289,duplicate,
13,24,82.3368
13,25,72.556
13,26,80.919
13,27,98.0035
13,28,77.8636
13,29,53.2416
13,30,15.4887
13,31,61.4235
14,0,10.5289
14,1,10.5289,duplicate,
14,2,10.5289,duplicate,
14,3,10.5289,duplicate,
14,4,10.5289,duplicate,
14,5,10.5289,duplicate,
14,6,10.5289,duplicate,
14,7,10.5289,duplicate,
14,8,10.5289,duplicate,
14,9,10.5289,duplicate,
14,10,10.5289,duplicate,
14,11,10.5289,duplicate,
14,12,10.5289,duplicate,
14,13,10.5289,duplicate,
14,14,10.5289,duplicate,
14,15,10.5289,duplicate,
14,16,10.5289,duplicate,
14,17,10.5289,duplicate,
14,18,10.5289,duplicate,
14,19,10.5289,duplicate,
14,20,10.5289,duplicate,
14,21,10.5289,duplicate,
14,22,10.5289,duplicate,
14,23,10.5289,duplicate,
14,24,45.4416
14,25,60.4601
14,26,72.4852
14,27,36.6444
14,28,79.4753
14,29,76.3238
14,30,70.4171
14,31,72.4852,duplicate,
15,0,10.5289
15,1,10.5289,duplicate,
15,2,10.5289,duplicate,
15,3,10.5289,duplicate,
15,4,10.5289,duplicate,
15,5,10.5289,duplicate,
15,6,10.5289,duplicate,
15,7,10.5289,duplicate,
15,8,10.5289,duplicate,
15,9,10.5289,duplicate,
15,10,10.5289,duplicate,
15,11,10.5289,duplicate,
15,12,10.5289,duplicate,
15,13,10.5289,duplicate,
15,14,10.5289,duplicate,
15,15,10.5289,duplicate,
15,16,10.5289,duplicate,
15,17,10.5289,duplicate,
15,18,10.5289,duplicate,
15,19,10.5289,duplicate,
15,20,10.5289,duplicate,
15,21,10.5289,duplicate,
15,22,10.5289,duplicate,
15,23,10.5289,duplicate,
15,24,66.6445
15,25,23.0573
15,26,95.4135
15,27,65.6079
15,28,10.5289,duplicate,
15,29,68.1597
15,30,87.2894
15,31,60.9288
16,0,10.5289
16,1,10.5289,duplicate,
16,2,10.5289,duplicate,
16,3,10.5289,duplicate,
16,4,10.5289,duplicate,
16,5,10.5289,duplicate,
16,6,10.5289,duplicate,
16,7,10.5289,duplicate,
16,8,10.5289,duplicate,
16,9,10.5289,duplicate,
16,10,10.5289,duplicate,
16,11,10.5289,duplicate,
16,12,10.5289,duplicate,
16,13,10.5289,duplicate,
16,14,10.5289,duplicate,
16,15,10.5289,duplicate,
16,16,10.5289,duplicate,
16,17,10.5289,duplicate,
16,18,10.5289,duplicate,
16,19,10.5289,duplicate,
16,20,10.5289,duplicate,
16,21,10.5289,duplicate,
16,22,10.5289,duplicate,
16,23,10.5289,duplicate,
16,24,56.3582
16,25,34.635
16,26,66.9969
16,27,57.1166
16,28,28.2968
16,29,64.0668
16,30,63.2512
16,31,43.4045
17,0,10.5289
17,1,10.5289,duplicate,
17,2,10.5289,duplicate,
17,3,10.5289,duplicate,
17,4,10.5289,duplicate,
17,5,10.5289,duplicate,
17,6,10.5289,duplicate,
17,7,10.5289,duplicate,
17,8,10.5289,duplicate,
17,9,10.5289,duplicate,
17,10,10.5289,duplicate,
17,11,10.5289,duplicate,
17,12,10.5289,duplicate,
17,13,10.5289,duplicate,
17,14,10.5289,duplicate,
17,15,10.5289,duplicate,
17,16,10.5289,duplicate,
17,17,10.5289,duplicate,
17,18,10.5289,duplicate,
17,19,10.5289,duplicate,
17,20,10.5289,duplicate,
17,21,10.5289,duplicate,
17,22,10.5289,duplicate,
17,23,10.5289,duplicate,
17,24,42.1189
17,25,65.0112
17,26,49.227
17,27,62.6483
17,28,62.0504
17,29,94.6301
17,30,56.9971
17,31,65.8076
18,0,10.5289
18,1,10.5289,duplicate,
18,2,10.5289,duplicate,
18,3,10.5289,duplicate,
18,4,10.5289,duplicate,
18,5,10.5289,duplicate,
18,6,10.5289,duplicate,
18,7,10.5289,duplicate,
18,8,10.5289,duplicate,
18,9,10.5289,duplicate,
18,10,10.5289,duplicate,
18,11,10.5289,duplicate,
18,12,10.5289,duplicate,
18,13,10.5289,duplicate,
18,14,10.5289,duplicate,
18,15,10.5289,duplicate,
18,16,10.5289,duplicate,
18,17,10.5289,duplicate,
18,18,10.5289,duplicate,
18,19,10.5289,duplicate,
18,20,10.5289,duplicate,
18,21,10.5289,duplicate,
18,22,10.5289,duplicate,
18,23,10.5289,duplicate,
18,24,87.2894
18,25,33.5968
18,26,62.4398
18,27,85.9106
18,28,40.5944
18,29,51.9626
18,30,10.5289,duplicate,
18,31,65.683
19,0,10.5289
19,1,10.5289,duplicate,
19,2,10.5289,duplicate,
19,3,10.5289,duplicate,
19,4,10.5289,duplicate,
19,5,10.5289,duplicate,
19,6,10.5289,duplicate,
19,7,10.5289,duplicate,
19,8,10.5289,duplicate,
19,9,10.5289,duplicate,
19,10,10.5289,duplicate,
19,11,10.5289,duplicate,
19,12,10.5289,duplicate,
19,13,10.5289,duplicate,
19,14,10.5289,duplicate,
19,15,10.5289,duplicate,
19,16,10.5289,duplicate,
19,17,10.5289,duplicate,
19,18,10.5289,duplicate,
19,19,10.5289,duplicate,
19,20,10.5289,duplicate,
19,21,10.5289,duplicate,
19,22,10.5289,duplicate,
19,23,10.5289,duplicate,
19,24,89.0895
19,25,51.9626
19,26,15.3509
19,27,26.8331
19,28,60.5326
19,29,33.1105
19,30,23.8819
19,31,114.009
20,0,10.5289
20,1,10.5289,duplicate,
20,2,10.5289,duplicate,
20,3,10.5289,duplicate,
20,4,10.5289,duplicate,
20,5,10.5289,duplicate,
20,6,10.5289,duplicate,
20,7,10.5289,duplicate,
20,8,10.5289,duplicate,
20,9,10.5289,duplicate,
20,10,10.5289,duplicate,
20,11,10.5289,duplicate,
20,12,10.5289,duplicate,
20,13,10.5289,duplicate,
20,14,10.5289,duplicate,
20,15,10.5289,duplicate,
20,16,10.5289,duplicate,
20,17,10.5289,duplicate,
20,18,10.5289,duplicate,
20,19,10.5289,duplicate,
20,20,10.5289,duplicate,
20,21,10.5289,duplicate,
20,22,10.5289,duplicate,
20,23,10.5289,duplicate,
20,24,66.7642
20,25,60.1672
20,26,60.1672,duplicate,
20,27,75.7158
20,28,86.5067
20,29,52.3959
20,30,54.1562
20,31,79.2495
21,0,10.5289
21,1,10.5289,duplicate,
21,2,10.5289,duplicate,
21,3,10.5289,duplicate,
21,4,10.5289,duplicate,
21,5,10.5289,duplicate,
21,6,10.5289,duplicate,
21,7,10.5289,duplicate,
21,8,10.5289,duplicate,
21,9,10.5289,duplicate,
21,10,10.5289,duplicate,
21,11,10.5289,duplicate,
21,12,10.5289,duplicate,
21,13,10.5289,duplicate,
21,14,10.5289,duplicate,
21,15,10.5289,duplicate,
21,16,10.5289,duplicate,
21,17,10.5289,duplicate,
21,18,10.5289,duplicate,
21,19,10.5289,duplicate,
21,20,10.5289,duplicate,
21,21,10.5289,duplicate,
21,22,10.5289,duplicate,
21,23,10.5289,duplicate,
21,24,71.7261
21,25,69.7734
21,26,55.6037
21,27,57.1009
21,28,93.273
21,29,57.4888
21,30,72.1776
21,31,47.2565
22,0,10.5289
22,1,10.5289,duplicate,
22,2,10.5289,duplicate,
22,3,10.5289,duplicate,
22,4,10.5289,duplicate,
22,5,10.5289,duplicate,
22,6,10.5289,duplicate,
22,7,10.5289,duplicate,
22,8,10.5289,duplicate,
22,9,10.5289,duplicate,
22,10,10.5289,duplicate,
22,11,10.5289,duplicate,
22,12,10.5289,duplicate,
22,13,10.5289,duplicate,
22,14,10.5289,duplicate,
22,15,10.5289,duplicate,
22,16,10.5289,duplicate,
22,17,10.5289,duplicate,
22,18,10.5289,duplicate,
22,19,10.5289,duplicate,
22,20,10.5289,duplicate,
22,21,10.5289,duplicate,
22,22,10.5289,duplicate,
22,23,10.5289,duplicate,
22,24,37.5053
22,25,65.683
22,26,60.9288
22,27,57.2263
22,28,72.1776
22,29,69.2933
22,30,62.6483
22,31,53.9159
23,0,10.5289
23,1,10.5289,duplicate,
23,2,10.5289,duplicate,
23,3,10.5289,duplicate,
23,4,10.5289,duplicate,
23,5,10.5289,duplicate,
23,6,10.5289,duplicate,
23,7,10.5289,duplicate,
23,8,10.5289,duplicate,
23,9,10.5289,duplicate,
23,10,10.5289,duplicate,
23,11,10.5289,duplicate,
23,12,10.5289,duplicate,
23,13,10.5289,duplicate,
23,14,10.5289,duplicate,
23,15,10.5289,duplicate,
23,16,10.5289,duplicate,
23,17,10.5289,duplicate,
23,18,10.5289,duplicate,
23,19,10.5289,duplicate,
23,20,10.5289,duplicate,
23,21,10.5289,duplicate,
23,22,10.5289,duplicate,
23,23,10.5289,duplicate,
23,24,58.1156
23,25,69.0693
23,26,77.8893
23,27,82.0155
23,28,60.5692
23,29,73.032
23,30,67.6598
23,31,31.4041
24,0,10.5289
24,1,10.5289,duplicate,
24,2,10.5289,duplicate,
24,3,10.5289,duplicate,
24,4,10.5289,duplicate,
24,5,10.5289,duplicate,
24,6,10.5289,duplicate,
24,7,10.5289,duplicate,
24,8,10.5289,duplicate,
24,9,10.5289,duplicate,
24,10,10.5289,duplicate,
24,11,10.5289,duplicate,
24,12,10.5289,duplicate,
24,13,10.5289,duplicate,
24,14,10.5289,duplicate,
24,15,10.5289,duplicate,
24,16,10.5289,duplicate,
24,17,10.5289,duplicate,
24,18,10.5289,duplicate,
24,19,10.5289,duplicate,
24,20,10.5289,duplicate,
24,21,10.5289,duplicate,
24,22,10.5289,duplicate,
24,23,10.5289,duplicate,
24,24,60.3844
24,25,60.3844,duplicate,
24,26,79.4753
24,27,41.5081
24,28,66.5472
24,29,87.4259
24,30,57.4888
24,31,69.0693
25,0,10.5289
25,1,10.5289,duplicate,
25,2,10.5289,duplicate,
25,3,10.5289,duplicate,
25,4,10.5289,duplicate,
25,5,10.5289,duplicate,
25,6,10.5289,duplicate,
25,7,10.5289,duplicate,
25,8,10.5289,duplicate,
25,9,10.5289,duplicate,
25,10,10.5289,duplicate,
25,11,10.5289,duplicate,
25,12,10.5289,duplicate,
25,13,10.5289,duplicate,
25,14,10.5289,duplicate,
25,15,10.5289,duplicate,
25,16,10.5289,duplicate,
25,17,10.5289,duplicate,
25,18,10.5289,duplicate,
25,19,10.5289,duplicate,
25,20,10.5289,duplicate,
25,21,10.5289,duplicate,
25,22,10.5289,duplicate,
25,23,10.5289,duplicate,
25,24,53.7552
25,25,52.781
25,26,88.0319
25,27,74.7584
25,28,89.5914
25,29,71.5806
25,30,76.0935
25,31,85.9106
26,0,10.5289
26,1,10.5289,duplicate,
26,2,10.5289,duplicate,
26,3,10.5289,duplicate,
26,4,10.5289,duplicate,
26,5,10.5289,duplicate,
26,6,10.5289,duplicate,
26,7,10.5289,duplicate,
26,8,10.5289,duplicate,
26,9,10.5289,duplicate,
26,10,10.5289,duplicate,
26,11,10.5289,duplicate,
26,12,10.5289,duplicate,
26,13,10.5289,duplicate,
26,14,10.5289,duplicate,
26,15,10.5289,duplicate,
26,16,10.5289,duplicate,
26,17,10.5289,duplicate,
26,18,10.5289,duplicate,
26,19,10.5289,duplicate,
26,20,10.5289,duplicate,
26,21,10.5289,duplicate,
26,22,10.5289,duplicate,
26,23,10.5289,duplicate,
26,24,57.1406
26,25,79.3042
26,26,23.291
26,27,65.8076
26,28,57.6977
26,29,52.0768
26,30,75.9736
26,31,55.6347
27,0,10.5289
27,1,10.5289,duplicate,
27,2,10.5289,duplicate,
27,3,10.5289,duplicate,
27,4,10.5289,duplicate,
27,5,10.5289,duplicate,
27,6,10.5289,duplicate,
27,7,10.5289,duplicate,
27,8,10.5289,duplicate,
27,9,10.5289,duplicate,
27,10,10.5289,duplicate,
27,11,10.5289,duplicate,
27,12,10.5289,duplicate,
27,13,10.5289,duplicate,
27,14,10.5289,duplicate,
27,15,10.5289,duplicate,
27,16,10.5289,duplicate,
27,17,10.5289,duplicate,
27,18,10.5289,duplicate,
27,19,10.5289,duplicate,
27,20,10.5289,duplicate,
27,21,10.5289,duplicate,
27,22,10.5289,duplicate,
27,23,10.5289,duplicate,
27,24,52.781
27,25,60.6928
27,26,54.1562
27,27,67.4547
27,28,79.172
27,29,70.7456
27,30,65.6079
27,31,59.8573
28,0,10.5289
28,1,10.5289,duplicate,
28,2,10.5289,duplicate,
28,3,10.5289,duplicate,
28,4,10.5289,duplicate,
28,5,10.5289,duplicate,
28,6,10.5289,duplicate,
28,7,10.5289,duplicate,
28,8,10.5289,duplicate,
28,9,10.5289,duplicate,
28,10,10.5289,duplicate,
28,11,10.5289,duplicate,
28,12,10.5289,duplicate,
28,13,10.5289,duplicate,
28,14,10.5289,duplicate,
28,15,10.5289,duplicate,
28,16,10.5289,duplicate,
28,17,10.5289,duplicate,
28,18,10.5289,duplicate,
28,19,10.5289,duplicate,
28,20,10.5289,duplicate,
28,21,10.5289,duplicate,
28,22,10.5289,duplicate,
28,23,10.5289,duplicate,
28,24,56.452
28,25,38.0911
28,26,84.4871
28,27,48.1103
28,28,62.9386
28,29,88.909
28,30,70.0684
28,31,90.9287
29,0,10.5289
29,1,10.5289,duplicate,
29,2,10.5289,duplicate,
29,3,10.5289,duplicate,
29,4,10.5289,duplicate,
29,5,10.5289,duplicate,
29,6,10.5289,duplicate,
29,7,10.5289,duplicate,
29,8,10.5289,duplicate,
29,9,10.5289,duplicate,
29,10,10.5289,duplicate,
29,11,10.5289,duplicate,
29,12,10.5289,duplicate,
29,13,10.5289,duplicate,
29,14,10.5289,duplicate,
29,15,10.5289,duplicate,
29,16,10.5289,duplicate,
29,17,10.5289,duplicate,
29,18,10.5289,duplicate,
29,19,10.5289,duplicate,
29,20,10.5289,duplicate,
29,21,10.5289,duplicate,
29,22,10.5289,duplicate,
29,23,10.5289,duplicate,
29,24,72.9073
29,25,52.3111
29,26,38.7204
29,27,28.3845
29,28,37.0387
29,29,51.9626
29,30,58.0452
29,31,64.2438
30,0,10.5289
30,1,10.5289,duplicate,
30,2,10.5289,duplicate,
30,3,10.5289,duplicate,
30,4,10.5289,duplicate,
30,5,10.5289,duplicate,
30,6,10.5289,duplicate,
30,7,10.5289,duplicate,
30,8,10.5289,duplicate,
30,9,10.5289,duplicate,
30,10,10.5289,duplicate,
30,11,10.5289,duplicate,
30,12,10.5289,duplicate,
30,13,10.5289,duplicate,
30,14,10.5289,duplicate,
30,15,10.5289,duplicate,
30,16,10.5289,duplicate,
30,17,10.5289,duplicate,
30,18,10.5289,duplicate,
30,19,10.5289,duplicate,
30,20,10.5289,duplicate,
30,21,10.5289,duplicate,
30,22,10.5289,duplicate,
30,23,10.5289,duplicate,
30,24,88.5346
30,25,72.3415
30,26,68.0129
30,27,71.406
30,28,64.163
30,29,41.4569
30,30,32.9717
30,31,32.9717,duplicate,
31,0,10.5289
31,1,10.5289,duplicate,
31,2,10.5289,duplicate,
31,3,10.5289,duplicate,
31,4,10.5289,duplicate,
31,5,10.5289,duplicate,
31,6,10.5289,duplicate,
31,7,10.5289,duplicate,
31,8,10.5289,duplicate,
31,9,10.5289,duplicate,
31,10,10.5289,duplicate,
31,11,10.5289,duplicate,
31,12,10.5289,duplicate,
31,13,10.5289,duplicate,
31,14,10.5289,duplicate,
31,15,10.5289,duplicate,
31,16,10.5289,duplicate,
31,17,10.5289,duplicate,
31,18,10.5289,duplicate,
31,19,10.5289,duplicate,
31,20,10.5289,duplicate,
31,21,10.5289,duplicate,
31,22,10.5289,duplicate,
31,23,10.5289,duplicate,
31,24,70.1168
31,25,52.898
31,26,60.7114
31,27,43.5579
31,28,82.2428
31,29,27.126
31,30,49.3589
31,31,26.8331
32,0,10.5289
32,1,10.5289,duplicate,
32,2,10.5289,duplicate,
32,3,10.5289,duplicate,
32,4,10.5289,duplicate,
32,5,10.5289,duplicate,
32,6,10.5289,duplicate,
32,7,10.5289,duplicate,
32,8,10.5289,duplicate,
32,9,10.5289,duplicate,
32,10,10.5289,duplicate,
32,11,10.5289,duplicate,
32,12,10.5289,duplicate,
32,13,10.5289,duplicate,
32,14,10.5289,duplicate,
32,15,10.5289,duplicate,
32,16,10.5289,duplicate,
32,17,10.5289,duplicate,
32,18,10.5289,duplicate,
32,19,10.5289,duplicate,
32,20,10.5289,duplicate,
32,21,10.5289,duplicate,
32,22,10.5289,duplicate,
32,23,10.5289,duplicate,
32,24,43.5542
32,25,60.5692
32,26,52.3744
32,27,59.8573
32,28,84.4871
32,29,52.7069
32,30,66.7814
32,31,48.3378
33,0,10.5289
33,1,10.5289,duplicate,
33,2,10.5289,duplicate,
33,3,10.5289,duplicate,
33,4,10.5289,duplicate,
33,5,10.5289,duplicate,
33,6,10.5289,duplicate,
33,7,10.5289,duplicate,
33,8,10.5289,duplicate,
33,9,10.5289,duplicate,
33,10,10.5289,duplicate,
33,11,10.5289,duplicate,
33,12,10.5289,duplicate,
33,13,10.5289,duplicate,
33,14,10.5289,duplicate,
33,15,10.5289,duplicate,
33,16,10.5289,duplicate,
33,17,10.5289,duplicate,
33,18,10.5289,duplicate,
33,19,10.5289,duplicate,
33,20,10.5289,duplicate,
33,21,10.5289,duplicate,
33,22,10.5289,duplicate,
33,23,10.5289,duplicate,
33,24,77.8893
33,25,64.9705
33,26,81.725
33,27,73.5567
33,28,46.6654
33,29,85.537
33,30,53.4722
33,31,43.6654
34,0,10.5289
34,1,10.5289,duplicate,
34,2,10.5289,duplicate,
34,3,10.5289,duplicate,
34,4,10.5289,duplicate,
34,5,10.5289,duplicate,
34,6,10.5289,duplicate,
34,7,10.5289,duplicate,
34,8,10.5289,duplicate,
34,9,10.5289,duplicate,
34,10,10.5289,duplicate,
34,11,10.5289,duplicate,
34,12,10.5289,duplicate,
34,13,10.5289,duplicate,
34,14,10.5289,duplicate,
34,15,10.5289,duplicate,
34,16,10.5289,duplicate,
34,17,10.5289,duplicate,
34,18,10.5289,duplicate,
34,19,10.5289,duplicate,
34,20,10.5289,duplicate,
34,21,10.5289,duplicate,
34,22,10.5289,duplicate,
34,23,10.5289,duplicate,
34,24,65.1806
34,25,38.2533
34,26,77.0614
34,27,62.5316
34,28,27.126
34,29,69.4162
34,30,89.0311
34,31,35.9098
35,0,10.5289
35,1,10.5289,duplicate,
35,2,10.5289,duplicate,
35,3,10.5289,duplicate,
35,4,10.5289,duplicate,
35,5,10.5289,duplicate,
35,6,10.5289,duplicate,
35,7,10.5289,duplicate,
35,8,10.5289,duplicate,
35,9,10.5289,duplicate,
35,10,10.5289,duplicate,
35,11,10.5289,duplicate,
35,12,10.5289,duplicate,
35,13,10.5289,duplicate,
35,14,10.5289,duplicate,
35,15,10.5289,duplicate,
35,16,10.5289,duplicate,
35,17,10.5289,duplicate,
35,18,10.5289,duplicate,
35,19,10.5289,duplicate,
35,20,10.5289,duplicate,
35,21,10.5289,duplicate,
35,22,10.5289,duplicate,
35,23,10.5289,duplicate,
35,24,57.1009
35,25,44.7075
35,26,31.2251
35,27,61.2346
35,28,62.9386
35,29,73.1702
35,30,59.7281
35,31,53.3995
36,0,10.5289
36,1,10.5289,duplicate,
36,2,10.5289,duplicate,
36,3,10.5289,duplicate,
36,4,10.5289,duplicate,
36,5,10.5289,duplicate,
36,6,10.5289,duplicate,
36,7,10.5289,duplicate,
36,8,10.5289,duplicate,
36,9,10.5289,duplicate,
36,10,10.5289,duplicate,
36,11,10.5289,duplicate,
36,12,10.5289,duplicate,
36,13,10.5289,duplicate,
36,14,10.5289,duplicate,
36,15,10.5289,duplicate,
36,16,10.5289,duplicate,
36,17,10.5289,duplicate,
36,18,10.5289,duplicate,
36,19,10.5289,duplicate,
36,20,10.5289,duplicate,
36,21,10.5289,duplicate,
36,22,10.5289,duplicate,
36,23,10.5289,duplicate,
36,24,65.2285
36,25,72.7288
36,26,90.0395
36,27,53.2794
36,28,79.2495
36,29,51.3414
36,30,73.8954
36,31,55.2659
37,0,10.5289
37,1,10.5289,duplicate,
37,2,10.5289,duplicate,
37,3,10.5289,duplicate,
37,4,10.5289,duplicate,
37,5,10.5289,duplicate,
37,6,10.5289,duplicate,
37,7,10.5289,duplicate,
37,8,10.5289,duplicate,
37,9,10.5289,duplicate,
37,10,10.5289,duplicate,
37,11,10.5289,duplicate,
37,12,10.5289,duplicate,
37,13,10.5289,duplicate,
37,14,10.5289,duplicate,
37,15,10.5289,duplicate,
37,16,10.5289,duplicate,
37,17,10.5289,duplicate,
37,18,10.5289,duplicate,
37,19,10.5289,duplicate,
37,20,10.5289,duplicate,
37,21,10.5289,duplicate,
37,22,10.5289,duplicate,
37,23,10.5289,duplicate,
37,24,81.8424
37,25,10.5289,duplicate,
37,26,10.5289,duplicate,
37,27,10.5289,duplicate,
37,28,77.0702
37,29,60.7818
37,30,87.2894
37,31,10.7382
38,0,10.5289
38,1,10.5289,duplicate,
38,2,10.5289,duplicate,
38,3,10.5289,duplicate,
38,4,10.5289,duplicate,
38,5,10.5289,duplicate,
38,6,10.5289,duplicate,
38,7,10.5289,duplicate,
38,8,10.5289,duplicate,
38,9,10.5289,duplicate,
38,10,10.5289,duplicate,
38,11,10.5289,duplicate,
38,12,10.5289,duplicate,
38,13,10.5289,duplicate,
38,14,10.5289,duplicate,
38,15,10.5289,duplicate,
38,16,10.5289,duplicate,
38,17,10.5289,duplicate,
38,18,10.5289,duplicate,
38,19,10.5289,duplicate,
38,20,10.5289,duplicate,
38,21,10.5289,duplicate,
38,22,10.5289,duplicate,
38,23,10.5289,duplicate,
38,24,44.0626
38,25,82.0155
38,26,37.5053
38,27,52.898
38,28,64.9705
38,29,76.3238
38,30,53.2416
38,31,66.9027
39,0,10.5289
39,1,10.5289,duplicate,
39,2,10.5289,duplicate,
39,3,10.5289,duplicate,
39,4,10.5289,duplicate,
39,5,10.5289,duplicate,
39,6,10.5289,duplicate,
39,7,10.5289,duplicate,
39,8,10.5289,duplicate,
39,9,10.5289,duplicate,
39,10,10.5289,duplicate,
39,11,10.5289,duplicate,
39,12,10.5289,duplicate,
39,13,10.5289,duplicate,
39,14,10.5289,duplicate,
39,15,10.5289,duplicate,
39,16,10.5289,duplicate,
39,17,10.5289,duplicate,
39,18,10.5289,duplicate,
39,19,10.5289,duplicate,
39,20,10.5289,duplicate,
39,21,10.5289,duplicate,
39,22,10.5289,duplicate,
39,23,10.5289,duplicate,
39,24,62.5316
39,25,70.1653
39,26,82.5923
39,27,38.0911
39,28,55.6037
39,29,98.4049
39,30,68.8944
39,31,84.7655
40,0,10.5289
40,1,10.5289,duplicate,
40,2,10.5289,duplicate,
40,3,10.5289,duplicate,
40,4,10.5289,duplicate,
40,5,10.5289,duplicate,
40,6,10.5289,duplicate,
40,7,10.5289,duplicate,
40,8,10.5289,duplicate,
40,9,10.5289,duplicate,
40,10,10.5289,duplicate,
40,11,10.5289,duplicate,
40,12,10.5289,duplicate,
40,13,10.5289,duplicate,
40,14,10.5289,duplicate,
40,15,10.5289,duplicate,
40,16,10.5289,duplicate,
40,17,10.5289,duplicate,
40,18,10.5289,duplicate,
40,19,10.5289,duplicate,
40,20,10.5289,duplicate,
40,21,10.5289,duplicate,
40,22,10.5289,duplicate,
40,23,10.5289,duplicate,
40,24,41.8513
40,25,53.7211
40,26,45.0026
40,27,70.7456
40,28,63.1613
40,29,72.2646
40,30,88.3585
40,31,64.1521
41,0,10.5289
41,1,10.5289,duplicate,
41,2,10.5289,duplicate,
41,3,10.5289,duplicate,
41,4,10.5289,duplicate,
41,5,10.5289,duplicate,
41,6,10.5289,duplicate,
41,7,10.5289,duplicate,
41,8,10.5289,duplicate,
41,9,10.5289,duplicate,
41,10,10.5289,duplicate,
41,11,10.5289,duplicate,
41,12,10.5289,duplicate,
41,13,10.5289,duplicate,
41,14,10.5289,duplicate,
41,15,10.5289,duplicate,
41,16,10.5289,duplicate,
41,17,10.5289,duplicate,
41,18,10.5289,duplicate,
41,19,10.5289,duplicate,
41,20,10.5289,duplicate,
41,21,10.5289,duplicate,
41,22,10.5289,duplicate,
41,23,10.5289,duplicate,
41,24,57.3167
41,25,70.0684
41,26,28.2968
41,27,110.208
41,28,68.3135
41,29,47.0353
41,30,57.7972
41,31,62.6872
42,0,10.5289
42,1,10.5289,duplicate,
42,2,10.5289,duplicate,
42,3,10.5289,duplicate,
42,4,10.5289,duplicate,
42,5,10.5289,duplicate,
42,6,10.5289,duplicate,
42,7,10.5289,duplicate,
42,8,10.5289,duplicate,
42,9,10.5289,duplicate,
42,10,10.5289,duplicate,
42,11,10.5289,duplicate,
42,12,10.5289,duplicate,
42,13,10.5289,duplicate,
42,14,10.5289,duplicate,
42,15,10.5289,duplicate,
42,16,10.5289,duplicate,
42,17,10.5289,duplicate,
42,18,10.5289,duplicate,
42,19,10.5289,duplicate,
42,20,10.5289,duplicate,
42,21,10.5289,duplicate,
42,22,10.5289,duplicate,
42,23,10.5289,duplicate,
42,24,66.2756
42,25,55.6037
42,26,82.3368
42,27,35.8935
42,28,87.2894
42,29,70.6212
42,30,37.3214
42,31,60.9474
43,0,10.5289
43,1,10.5289,duplicate,
43,2,10.5289,duplicate,
43,3,10.5289,duplicate,
43,4,10.5289,duplicate,
43,5,10.5289,duplicate,
43,6,10.5289,duplicate,
43,7,10.5289,duplicate,
43,8,10.5289,duplicate,
43,9,10.5289,duplicate,
43,10,10.5289,duplicate,
43,11,10.5289,duplicate,
43,12,10.5289,duplicate,
43,13,10.5289,duplicate,
43,14,10.5289,duplicate,
43,15,10.5289,duplicate,
43,16,10.5289,duplicate,
43,17,10.5289,duplicate,
43,18,10.5289,duplicate,
43,19,10.5289,duplicate,
43,20,10.5289,duplicate,
43,21,10.5289,duplicate,
43,22,10.5289,duplicate,
43,23,10.5289,duplicate,
43,24,79.0452
43,25,90.9287
43,26,87.4259
43,27,32.9205
43,28,72.556
43,29,23.291
43,30,95.9896
43,31,52.7069
44,0,10.5289
44,1,10.5289,duplicate,
44,2,10.5289,duplicate,
44,3,10.5289,duplicate,
44,4,10.5289,duplicate,
44,5,10.5289,duplicate,
44,6,10.5289,duplicate,
44,7,10.5289,duplicate,
44,8,10.5289,duplicate,
44,9,10.5289,duplicate,
44,10,10.5289,duplicate,
44,11,10.5289,duplicate,
44,12,10.5289,duplicate,
44,13,10.5289,duplicate,
44,14,10.5289,duplicate,
44,15,10.5289,duplicate,
44,16,10.5289,duplicate,
44,17,10.5289,duplicate,
44,18,10.5289,duplicate,
44,19,10.5289,duplicate,
44,20,10.5289,duplicate,
44,21,10.5289,duplicate,
44,22,10.5289,duplicate,
44,23,10.5289,duplicate,
44,24,34.347
44,25,42.1964
44,26,60.5692
44,27,29.1163
44,28,99.98
44,29,56.2388
44,30,48.5618
44,31,80.8474
45,0,10.5289
45,1,10.5289,duplicate,
45,2,10.5289,duplicate,
45,3,10.5289,duplicate,
45,4,10.5289,duplicate,
45,5,10.5289,duplicate,
45,6,10.5289,duplicate,
45,7,10.5289,duplicate,
45,8,10.5289,duplicate,
45,9,10.5289,duplicate,
45,10,10.5289,duplicate,
45,11,10.5289,duplicate,
45,12,10.5289,duplicate,
45,13,10.5289,duplicate,
45,14,10.5289,duplicate,
45,15,10.5289,duplicate,
45,16,10.5289,duplicate,
45,17,10.5289,duplicate,
45,18,10.5289,duplicate,
45,19,10.5289,duplicate,
45,20,10.5289,duplicate,
45,21,10.5289,duplicate,
45,22,10.5289,duplicate,
45,23,10.5289,duplicate,
45,24,64.7905
45,25,66.9969
45,26,66.3248
45,27,70.1168
45,28,65.683
45,29,80.3621
45,30,84.7655
45,31,4.8444
46,0,1.9716

Generation: 46
Estrutura final encontrada, com diferença de volume = 1.9716
Resultados gravados com sucesso no arquivo 'resultados.txt'.
Tempo de execucao: 169 minutos
