Geração,Iteração,Fitness
0,0,507.817
0,1,697.274
0,2,668.279
0,3,779.792
0,4,640.008
0,5,709.574
0,6,669.825
0,7,479.421
0,8,727.089
0,9,613.235
0,10,552.917
0,11,724.502
0,12,660.594
0,13,560.768
0,14,730.169
0,15,542.274
0,16,625.038
0,17,458.935
0,18,630.919
0,19,620.078
0,20,633.349
0,21,582.428
0,22,441.989
0,23,537.54
0,24,717.991
0,25,663.989
0,26,616.493
0,27,510.425
0,28,624.715
0,29,611.493
0,30,402.341
0,31,546.631
0,32,662.398
0,33,642.759
0,34,659.776
0,35,721.566
0,36,677.629
0,37,569.984
0,38,541.1
0,39,757.45
0,40,613.583
0,41,620.954
0,42,703.487
0,43,477.22
0,44,836.83
0,45,583.672
0,46,584.011
0,47,573.049
0,48,637.058
0,49,726.142
0,50,652.506
0,51,699.286
0,52,615.75
0,53,677.667
0,54,632.909
0,55,593.349
0,56,586.56
0,57,668.031
0,58,636.506
0,59,487.403
0,60,663.765
0,61,601.576
0,62,774.325
0,63,477.264
0,64,578.268
0,65,740.524
0,66,692.478
0,67,626.722
0,68,648.551
0,69,531.915
0,70,685.318
0,71,592.404
0,72,577.761
0,73,729.339
0,74,622.909
0,75,660.191
0,76,701.27
0,77,520.83
0,78,725.881
0,79,795.586
0,80,695.465
0,81,652.914
0,82,616.372
0,83,641.664
0,84,794.189
0,85,768.418
0,86,519.096
0,87,592.824
0,88,580.249
0,89,678.799
0,90,667.969
0,91,558.218
0,92,734.954
0,93,522.837
0,94,617.436
0,95,567.198
0,96,729.103
0,97,512.498
0,98,699.211
0,99,648.094
0,100,540.784
0,101,517.585
0,102,685.061
0,103,705.976
0,104,596.335
0,105,419.99
0,106,505.113
0,107,661.573
0,108,600.498
0,109,604.136
0,110,632.713
0,111,812.481
0,112,484.131
0,113,751.18
0,114,536.315
0,115,711.134
0,116,713.398
0,117,501.572
0,118,598.094
0,119,648.919
0,120,736.833
0,121,561.362
0,122,732.192
0,123,449.341
0,124,586.069
0,125,610.845
0,126,626.609
0,127,510.465
0,128,736.891
0,129,498.739
0,130,634.986
0,131,787.284
0,132,556.379
0,133,389.3
0,134,473.54
0,135,357.155
0,136,562.331
0,137,621.809
0,138,683.48
0,139,561.923
0,140,594.877
0,141,652.617
0,142,732.24
0,143,631.366
0,144,614.307
0,145,708.365
0,146,487.289
0,147,730.391
0,148,404.189
0,149,592.644
1,0,503.452
1,1,368.447
1,2,313.878
1,3,408.672
1,4,539.198
1,5,415.525
1,6,448.662
1,7,370.739
1,8,473.612
1,9,430.834
1,10,505.271
1,11,513.623
1,12,459.242
1,13,540.359
1,14,376.493
1,15,424.718
1,16,358.464
1,17,449.023
1,18,468.229
1,19,399.17
1,20,399.192
1,21,405.249
1,22,374.083
1,23,346.138
1,24,383.253
1,25,436.571
1,26,383.192
1,27,405.845
1,28,414.779
1,29,581.211
1,30,489.069
1,31,465.38
2,0,239.594
2,1,384.824
2,2,375.967
2,3,303.277
2,4,399.947
2,5,359.268
2,6,503.072
2,7,385.155
2,8,264.768
2,9,459.107
2,10,419.615
2,11,324.458
2,12,378.666
2,13,421.523
2,14,383.88
2,15,383.192
2,16,410.656
2,17,345.196
2,18,312.182
2,19,411.943
2,20,428.487
2,21,350.836
2,22,453.956
2,23,460.684
2,24,347.987
2,25,342.613
2,26,409.69
2,27,409.072
2,28,350.701
2,29,390.029
2,30,390.286
2,31,337.303
3,0,264.768
3,1,244.64
3,2,283.315
3,3,295.861
3,4,270.092
3,5,364.297
3,6,342.613
3,7,297.68
3,8,235.989
3,9,264.768,duplicate,
3,10,453.01
3,11,342.133
3,12,391.791
3,13,319.274
3,14,373.564
3,15,305.956
3,16,233.479
3,17,283.609
3,18,264.249
3,19,373.554
3,20,292.057
3,21,236.32
3,22,376.819
3,23,251.497
3,24,304.309
3,25,288.087
3,26,362.312
3,27,297.851
3,28,274.7
3,29,349.415
3,30,402.778
3,31,413.617
4,0,235.989
4,1,262.445
4,2,241.591
4,3,159.19
4,4,308.812
4,5,231.65
4,6,264.768
4,7,233.479
4,8,297.002
4,9,185.502
4,10,255.36
4,11,231.744
4,12,269.618
4,13,230.518
4,14,264.768,duplicate,
4,15,272.099
4,16,279.281
4,17,290.027
4,18,325.725
4,19,301.826
4,20,251.497
4,21,237.859
4,22,264.768,duplicate,
4,23,183.61
4,24,251.015
4,25,264.994
4,26,358.179
4,27,308.477
4,28,298.909
4,29,334.558
4,30,312.802
4,31,270.306
5,0,211.373
5,1,185.502
5,2,244.456
5,3,231.65
5,4,231.744
5,5,263.542
5,6,235.989
5,7,159.19
5,8,159.19,duplicate,
5,9,235.555
5,10,244.456,duplicate,
5,11,233.649
5,12,248.831
5,13,185.873
5,14,297.002
5,15,235.989,duplicate,
5,16,151.984
5,17,191.033
5,18,176.199
5,19,283.724
5,20,238.156
5,21,206.48
5,22,269.489
5,23,159.19,duplicate,
5,24,180.647
5,25,224.99
5,26,247.467
5,27,219.546
5,28,284.68
5,29,202.206
5,30,233.479
5,31,270.453
6,0,159.19
6,1,159.19,duplicate,
6,2,159.19,duplicate,
6,3,201.8
6,4,141.884
6,5,207.236
6,6,212.451
6,7,135.156
6,8,151.984
6,9,159.19,duplicate,
6,10,159.19,duplicate,
6,11,134.086
6,12,161.847
6,13,185.502
6,14,185.873
6,15,200.17
6,16,151.984,duplicate,
6,17,159.19,duplicate,
6,18,159.19,duplicate,
6,19,149.422
6,20,161.943
6,21,150.241
6,22,198.754
6,23,155.568
6,24,155.196
6,25,273.806
6,26,240.984
6,27,251.116
6,28,164.768
6,29,189.557
6,30,226.747
6,31,215.552
7,0,121.898
7,1,141.884
7,2,141.884,duplicate,
7,3,125.466
7,4,151.984
7,5,151.984,duplicate,
7,6,179.764
7,7,164.079
7,8,134.086
7,9,135.156
7,10,141.884,duplicate,
7,11,125.466,duplicate,
7,12,159.19
7,13,151.984,duplicate,
7,14,151.984,duplicate,
7,15,155.196
7,16,134.086,duplicate,
7,17,130.973
7,18,141.884,duplicate,
7,19,147.72
7,20,139.494
7,21,151.984,duplicate,
7,22,179.764,duplicate,
7,23,137.708
7,24,153.704
7,25,182.309
7,26,178.091
7,27,181.632
7,28,220.471
7,29,158.136
7,30,226.945
7,31,206.77
8,0,134.086
8,1,125.466
8,2,130.973
8,3,130.973,duplicate,
8,4,134.086,duplicate,
8,5,121.898
8,6,142.813
8,7,125
8,8,121.898,duplicate,
8,9,125.466,duplicate,
8,10,118.063
8,11,145.596
8,12,134.086,duplicate,
8,13,134.086,duplicate,
8,14,135.156
8,15,137.708
8,16,121.898,duplicate,
8,17,125.466,duplicate,
8,18,130.973,duplicate,
8,19,134.086,duplicate,
8,20,134.086,duplicate,
8,21,135.156,duplicate,
8,22,151.984
8,23,151.984,duplicate,
8,24,157.983
8,25,178.649
8,26,174.752
8,27,238.346
8,28,155.789
8,29,169.659
8,30,166.449
8,31,191.707
9,0,111.447
9,1,121.898
9,2,121.898,duplicate,
9,3,151.984
9,4,125.073
9,5,125.466
9,6,125.466,duplicate,
9,7,118.063
9,8,134.086
9,9,121.898,duplicate,
9,10,121.898,duplicate,
9,11,121.898,duplicate,
9,12,112.69
9,13,125.466,duplicate,
9,14,125.466,duplicate,
9,15,125.466,duplicate,
9,16,125.466,duplicate,
9,17,121.898,duplicate,
9,18,121.898,duplicate,
9,19,121.898,duplicate,
9,20,137.708
9,21,125.466,duplicate,
9,22,125.466,duplicate,
9,23,125.466,duplicate,
9,24,164.134
9,25,138.933
9,26,217.02
9,27,181.415
9,28,217.715
9,29,157.354
9,30,190.7
9,31,167.05
10,0,111.899
10,1,123.63
10,2,111.447
10,3,121.898
10,4,121.898,duplicate,
10,5,121.898,duplicate,
10,6,121.898,duplicate,
10,7,111.447,duplicate,
10,8,111.899,duplicate,
10,9,112.69
10,10,134.086
10,11,121.898,duplicate,
10,12,121.898,duplicate,
10,13,121.898,duplicate,
10,14,121.898,duplicate,
10,15,111.447,duplicate,
10,16,139.494
10,17,147.72
10,18,122.031
10,19,121.898,duplicate,
10,20,121.898,duplicate,
10,21,121.898,duplicate,
10,22,121.898,duplicate,
10,23,111.899,duplicate,
10,24,164.087
10,25,208.788
10,26,210.008
10,27,147.873
10,28,171.173
10,29,150.505
10,30,188.565
10,31,178.652
11,0,111.447
11,1,111.447,duplicate,
11,2,111.447,duplicate,
11,3,111.899
11,4,111.899,duplicate,
11,5,111.899,duplicate,
11,6,125
11,7,111.447,duplicate,
11,8,111.447,duplicate,
11,9,111.447,duplicate,
11,10,111.899,duplicate,
11,11,111.899,duplicate,
11,12,111.899,duplicate,
11,13,111.899,duplicate,
11,14,97.8738
11,15,111.899,duplicate,
11,16,111.447,duplicate,
11,17,111.447,duplicate,
11,18,111.899,duplicate,
11,19,111.899,duplicate,
11,20,111.899,duplicate,
11,21,86.0604
11,22,111.899,duplicate,
11,23,121.898
11,24,128.795
11,25,166.09
11,26,168.87
11,27,114.376
11,28,141.59
11,29,130.368
11,30,181.567
11,31,151.632
12,0,86.0604
12,1,86.0604,duplicate,
12,2,111.447
12,3,111.447,duplicate,
12,4,111.447,duplicate,
12,5,111.447,duplicate,
12,6,111.447,duplicate,
12,7,111.899
12,8,86.0604,duplicate,
12,9,97.8738
12,10,111.447,duplicate,
12,11,111.447,duplicate,
12,12,111.447,duplicate,
12,13,111.447,duplicate,
12,14,111.447,duplicate,
12,15,111.447,duplicate,
12,16,97.8738,duplicate,
12,17,111.447,duplicate,
12,18,111.447,duplicate,
12,19,111.447,duplicate,
12,20,111.447,duplicate,
12,21,111.447,duplicate,
12,22,111.447,duplicate,
12,23,85.458
12,24,171.498
12,25,177.035
12,26,159.032
12,27,158.272
12,28,148.525
12,29,150.795
12,30,74.3522
12,31,156.703
13,0,74.3522
13,1,85.458
13,2,86.0604
13,3,86.0604,duplicate,
13,4,97.8738
13,5,97.8738,duplicate,
13,6,85.458,duplicate,
13,7,82.9184
13,8,74.3522,duplicate,
13,9,85.458,duplicate,
13,10,86.0604,duplicate,
13,11,86.0604,duplicate,
13,12,97.8738,duplicate,
13,13,97.8738,duplicate,
13,14,85.458,duplicate,
13,15,111.447
13,16,85.458,duplicate,
13,17,85.458,duplicate,
13,18,86.0604,duplicate,
13,19,86.0604,duplicate,
13,20,86.0604,duplicate,
13,21,97.8738,duplicate,
13,22,111.899
13,23,82.9184,duplicate,
13,24,74.3522,duplicate,
13,25,126.999
13,26,126.719
13,27,128.356
13,28,129.536
13,29,142.244
13,30,72.728
13,31,106.347
14,0,75.2176
14,1,74.3522
14,2,74.3522,duplicate,
14,3,74.3522,duplicate,
14,4,82.9184
14,5,82.9184,duplicate,
14,6,85.458
14,7,85.458,duplicate,
14,8,70.4672
14,9,74.3522,duplicate,
14,10,74.3522,duplicate,
14,11,74.3522,duplicate,
14,12,82.9184,duplicate,
14,13,82.9184,duplicate,
14,14,85.458,duplicate,
14,15,85.458,duplicate,
14,16,74.3522,duplicate,
14,17,74.3522,duplicate,
14,18,74.3522,duplicate,
14,19,82.9184,duplicate,
14,20,82.9184,duplicate,
14,21,74.3522,duplicate,
14,22,85.458,duplicate,
14,23,97.8738
14,24,49.5419
14,25,101.99
14,26,112.411
14,27,131.697
14,28,140.976
14,29,148.431
14,30,133.525
14,31,91.2254
15,0,49.5419
15,1,70.4672
15,2,74.3522
15,3,74.3522,duplicate,
15,4,74.3522,duplicate,
15,5,74.3522,duplicate,
15,6,74.3522,duplicate,
15,7,59.6549
15,8,53.5718
15,9,70.4672,duplicate,
15,10,74.3522,duplicate,
15,11,74.3522,duplicate,
15,12,74.3522,duplicate,
15,13,74.3522,duplicate,
15,14,74.3522,duplicate,
15,15,49.5419,duplicate,
15,16,53.5718,duplicate,
15,17,70.4672,duplicate,
15,18,74.3522,duplicate,
15,19,74.3522,duplicate,
15,20,74.3522,duplicate,
15,21,74.3522,duplicate,
15,22,74.3522,duplicate,
15,23,47.846
15,24,53.1295
15,25,126.219
15,26,120.62
15,27,78.3207
15,28,94.7696
15,29,154.413
15,30,106.065
15,31,107.435
16,0,49.5419
16,1,49.5419,duplicate,
16,2,53.1295
16,3,53.5718
16,4,53.5718,duplicate,
16,5,47.846
16,6,70.4672
16,7,59.6549
16,8,47.846,duplicate,
16,9,49.5419,duplicate,
16,10,49.5419,duplicate,
16,11,53.1295,duplicate,
16,12,53.5718,duplicate,
16,13,70.4672,duplicate,
16,14,59.6549,duplicate,
16,15,70.4672,duplicate,
16,16,49.5419,duplicate,
16,17,49.5419,duplicate,
16,18,32.9137
16,19,75.2429
16,20,53.5718,duplicate,
16,21,70.4672,duplicate,
16,22,70.4672,duplicate,
16,23,53.5718,duplicate,
16,24,79.7126
16,25,48.3949
16,26,77.4637
16,27,79.6711
16,28,87.3112
16,29,138.37
16,30,133.219
16,31,128.053
17,0,47.846
17,1,47.846,duplicate,
17,2,33.3758
17,3,64.2242
17,4,49.5419
17,5,49.5419,duplicate,
17,6,49.5419,duplicate,
17,7,49.5419,duplicate,
17,8,32.9137
17,9,47.846,duplicate,
17,10,49.5419,duplicate,
17,11,48.3949
17,12,49.5419,duplicate,
17,13,49.5419,duplicate,
17,14,49.5419,duplicate,
17,15,49.5419,duplicate,
17,16,32.9137,duplicate,
17,17,47.846,duplicate,
17,18,33.3758,duplicate,
17,19,49.5419,duplicate,
17,20,49.5419,duplicate,
17,21,49.5419,duplicate,
17,22,49.5419,duplicate,
17,23,32.9137,duplicate,
17,24,85.5817
17,25,73.0078
17,26,104.95
17,27,109.888
17,28,114.085
17,29,102.907
17,30,97.4154
17,31,102.809
18,0,32.9137
18,1,32.9137,duplicate,
18,2,22.8271
18,3,33.3758
18,4,47.846
18,5,47.846,duplicate,
18,6,47.846,duplicate,
18,7,49.5419
18,8,32.9137,duplicate,
18,9,32.9137,duplicate,
18,10,49.5419,duplicate,
18,11,33.3758,duplicate,
18,12,31.0508
18,13,47.846,duplicate,
18,14,47.846,duplicate,
18,15,33.535
18,16,32.9137,duplicate,
18,17,32.9137,duplicate,
18,18,33.3758,duplicate,
18,19,33.3758,duplicate,
18,20,31.0508,duplicate,
18,21,47.846,duplicate,
18,22,47.846,duplicate,
18,23,33.535,duplicate,
18,24,83.5818
18,25,57.416
18,26,71.2789
18,27,97.8493
18,28,60.5212
18,29,87.8844
18,30,47.982
18,31,86.6428
19,0,31.0508
19,1,31.0508,duplicate,
19,2,47.846
19,3,32.9137
19,4,32.9137,duplicate,
19,5,32.9137,duplicate,
19,6,32.9137,duplicate,
19,7,22.8271
19,8,31.0508,duplicate,
19,9,31.0508,duplicate,
19,10,33.3758
19,11,32.9137,duplicate,
19,12,32.9137,duplicate,
19,13,32.9137,duplicate,
19,14,32.9137,duplicate,
19,15,32.9137,duplicate,
19,16,19.5069
19,17,31.0508,duplicate,
19,18,47.846,duplicate,
19,19,32.9137,duplicate,
19,20,32.9137,duplicate,
19,21,32.9137,duplicate,
19,22,32.9137,duplicate,
19,23,32.9137,duplicate,
19,24,99.955
19,25,78.7264
19,26,28.8384
19,27,97.0686
19,28,64.0653
19,29,89.7409
19,30,78.2246
19,31,87.364
20,0,19.5069
20,1,17.0003
20,2,47.9974
20,3,31.0508
20,4,31.0508,duplicate,
20,5,31.0508,duplicate,
20,6,31.0508,duplicate,
20,7,31.0508,duplicate,
20,8,19.5069,duplicate,
20,9,33.3758
20,10,28.8384
20,11,31.0508,duplicate,
20,12,31.0508,duplicate,
20,13,31.0508,duplicate,
20,14,31.0508,duplicate,
20,15,19.5069,duplicate,
20,16,22.8271
20,17,49.3674
20,18,47.9974,duplicate,
20,19,31.0508,duplicate,
20,20,31.0508,duplicate,
20,21,31.0508,duplicate,
20,22,31.0508,duplicate,
20,23,31.0508,duplicate,
20,24,51.9879
20,25,75.0869
20,26,76.9004
20,27,66.8343
20,28,74.3484
20,29,31.0508,duplicate,
20,30,79.7278
20,31,90.9525
21,0,17.0003
21,1,19.5069
21,2,19.5069,duplicate,
21,3,22.8271
21,4,28.8384
21,5,47.9974
21,6,31.0508
21,7,17.0003,duplicate,
21,8,4.1541


Generation: 21
Estrutura final encontrada, com diferença de volume = 4.1541
Resultados gravados com sucesso no arquivo 'resultados.txt'.
Tempo de execucao: 216 minutos

