Geração,Iteração,Fitness
0,0,858.909
0,1,839.828
0,2,825.913
0,3,767.082
0,4,789.393
0,5,685.268
0,6,733.276
0,7,870.803
0,8,819.34
0,9,889.924
0,10,740.224
0,11,774.617
0,12,820.716
0,13,678.593
0,14,841.096
0,15,885.777
0,16,786.498
0,17,820.37
0,18,757.016
0,19,806.548
0,20,882.748
0,21,797.21
0,22,730.827
0,23,788.026
0,24,784.553
0,25,817.475
0,26,730.367
0,27,743.561
0,28,780.31
0,29,818.788
0,30,792.262
0,31,858.16
0,32,765.095
0,33,815.84
0,34,895.676
0,35,877.72
0,36,711.113
0,37,855.744
0,38,840.984
0,39,751.466
0,40,782.723
0,41,767.695
0,42,880.796
0,43,830.685
0,44,823.979
0,45,814.517
0,46,744.769
0,47,751.694
0,48,739.246
0,49,779.952
0,50,800.87
0,51,743.696
0,52,794.077
0,53,763.835
0,54,787.357
0,55,728.69
0,56,773.779
0,57,811.271
0,58,701.601
0,59,748.794
0,60,734.359
0,61,872.043
0,62,812.505
0,63,851.827
0,64,736.149
0,65,876.157
0,66,749.649
0,67,700.502
0,68,848.872
0,69,832.367
0,70,731.272
0,71,907.502
0,72,821.194
0,73,783.548
0,74,703.951
0,75,636.819
0,76,818.359
0,77,728.366
0,78,817.268
0,79,703.126
0,80,668.564
0,81,768.358
0,82,790.261
0,83,794.664
0,84,690.722
0,85,807.001
0,86,757.363
0,87,833.959
0,88,712.351
0,89,789.545
0,90,768.993
0,91,846.283
0,92,749.385
0,93,817.856
0,94,821.86
0,95,891.908
0,96,806.194
0,97,870.145
0,98,757.766
0,99,705.103
0,100,751.598
0,101,782.434
0,102,791.966
0,103,789.021
0,104,771.794
0,105,773.122
0,106,738.224
0,107,805.911
0,108,740.773
0,109,700.563
0,110,783.553
0,111,821.108
0,112,762.465
0,113,791.121
0,114,739.075
0,115,907.483
0,116,792.634
0,117,746.002
0,118,795.103
0,119,879.403
0,120,777.676
0,121,759.188
0,122,816.601
0,123,688.78
0,124,719.487
0,125,846.458
0,126,700.916
0,127,747.593
0,128,820.711
0,129,778.256
0,130,792.37
0,131,748.371
0,132,785.617
0,133,866.35
0,134,833.101
0,135,814.277
0,136,734.575
0,137,763.453
0,138,719.259
0,139,693.735
0,140,701.037
0,141,790.454
0,142,815.277
0,143,717.933
0,144,800.789
0,145,787.389
0,146,825.739
0,147,785.207
0,148,886.864
0,149,778.144
1,0,637.775
1,1,641.776
1,2,674.594
1,3,698.726
1,4,697.171
1,5,693.735
1,6,763.276
1,7,677.522
1,8,642.028
1,9,706.804
1,10,658.098
1,11,644.154
1,12,713.316
1,13,661.122
1,14,718.355
1,15,721.143
1,16,663.717
1,17,677.041
1,18,714.03
1,19,676.134
1,20,770.126
1,21,660.966
1,22,702.269
1,23,698.535
1,24,659.143
1,25,684.809
1,26,635.327
1,27,726.042
1,28,688.78
1,29,682.81
1,30,701.956
1,31,700.069
2,0,673.073
2,1,610.108
2,2,673.047
2,3,598.481
2,4,631.548
2,5,677.444
2,6,660.966
2,7,614.27
2,8,659.026
2,9,636.524
2,10,641.776
2,11,654.909
2,12,652.617
2,13,710.496
2,14,659.143
2,15,634.489
2,16,643.824
2,17,663.779
2,18,665.081
2,19,621.528
2,20,631.519
2,21,691.618
2,22,626.929
2,23,635.627
2,24,649.904
2,25,660.54
2,26,700.485
2,27,642.645
2,28,676.853
2,29,692.066
2,30,678.457
2,31,689.977
3,0,614.421
3,1,610.108
3,2,664.86
3,3,617.944
3,4,588.023
3,5,631.519
3,6,652.434
3,7,598.481
3,8,627.37
3,9,641.759
3,10,638.635
3,11,651.956
3,12,590.389
3,13,632.275
3,14,631.548
3,15,606.65
3,16,608.493
3,17,636.899
3,18,637.773
3,19,606.725
3,20,647.819
3,21,642.832
3,22,660.153
3,23,617.145
3,24,616.149
3,25,650.159
3,26,637.726
3,27,651.253
3,28,626.929
3,29,670.144
3,30,643.1
3,31,635.688
4,0,609.064
4,1,603.472
4,2,609.328
4,3,630.505
4,4,591.662
4,5,615.357
4,6,610.108
4,7,614.421
4,8,578.315
4,9,590.389
4,10,606.832
4,11,608.317
4,12,604.909
4,13,608.493
4,14,623.108
4,15,600.053
4,16,558.786
4,17,587.746
4,18,623.079
4,19,616.02
4,20,598.596
4,21,615.357,duplicate,
4,22,626.39
4,23,617.845
4,24,615.154
4,25,611.633
4,26,643.664
4,27,628.927
4,28,663.417
4,29,614.989
4,30,628.779
4,31,625.698
5,0,551.485
5,1,569.423
5,2,572.684
5,3,623.749
5,4,592.659
5,5,600.053
5,6,603.472
5,7,586.428
5,8,558.786
5,9,577.729
5,10,587.746
5,11,606.368
5,12,592.575
5,13,598.596
5,14,631.637
5,15,606.882
5,16,589.06
5,17,582.551
5,18,605.217
5,19,614.976
5,20,596.091
5,21,635.719
5,22,650.541
5,23,600.354
5,24,558.786,duplicate,
5,25,624.186
5,26,597.566
5,27,609.71
5,28,626.428
5,29,646.217
5,30,663.138
5,31,635.73
6,0,558.786
6,1,558.786,duplicate,
6,2,573.964
6,3,569.165
6,4,577.729
6,5,577.729,duplicate,
6,6,570.966
6,7,579.716
6,8,551.485
6,9,558.786,duplicate,
6,10,558.786,duplicate,
6,11,562.614
6,12,572.684
6,13,577.729,duplicate,
6,14,576.245
6,15,586.428
6,16,551.485,duplicate,
6,17,558.786,duplicate,
6,18,569.031
6,19,561.145
6,20,577.729,duplicate,
6,21,582.551
6,22,615.939
6,23,595.11
6,24,577.029
6,25,593.127
6,26,565.389
6,27,586.809
6,28,606.095
6,29,615.231
6,30,570.374
6,31,591.055
7,0,551.485
7,1,558.786
7,2,558.786,duplicate,
7,3,558.786,duplicate,
7,4,558.786,duplicate,
7,5,558.786,duplicate,
7,6,551.485,duplicate,
7,7,586.137
7,8,551.485,duplicate,
7,9,551.485,duplicate,
7,10,558.786,duplicate,
7,11,558.786,duplicate,
7,12,558.786,duplicate,
7,13,558.786,duplicate,
7,14,565.735
7,15,551.485,duplicate,
7,16,551.485,duplicate,
7,17,561.858
7,18,558.786,duplicate,
7,19,558.786,duplicate,
7,20,558.786,duplicate,
7,21,558.786,duplicate,
7,22,561.145
7,23,566.405
7,24,598.248
7,25,594.053
7,26,590.159
7,27,582.446
7,28,559.19
7,29,563.832
7,30,558.786,duplicate,
7,31,596.422
8,0,551.485
8,1,551.485,duplicate,
8,2,551.485,duplicate,
8,3,551.485,duplicate,
8,4,551.485,duplicate,
8,5,558.786
8,6,558.786,duplicate,
8,7,551.485,duplicate,
8,8,551.485,duplicate,
8,9,551.485,duplicate,
8,10,551.485,duplicate,
8,11,551.485,duplicate,
8,12,551.485,duplicate,
8,13,551.485,duplicate,
8,14,558.786,duplicate,
8,15,558.786,duplicate,
8,16,551.485,duplicate,
8,17,551.485,duplicate,
8,18,551.485,duplicate,
8,19,551.485,duplicate,
8,20,551.485,duplicate,
8,21,558.786,duplicate,
8,22,558.786,duplicate,
8,23,551.485,duplicate,
8,24,577.817
8,25,605.804
8,26,563.486
8,27,590.316
8,28,584.688
8,29,563.853
8,30,603.12
8,31,573.272
9,0,551.485
9,1,551.485,duplicate,
9,2,551.485,duplicate,
9,3,551.485,duplicate,
9,4,551.485,duplicate,
9,5,551.485,duplicate,
9,6,551.485,duplicate,
9,7,551.485,duplicate,
9,8,551.485,duplicate,
9,9,551.485,duplicate,
9,10,551.485,duplicate,
9,11,551.485,duplicate,
9,12,551.485,duplicate,
9,13,551.485,duplicate,
9,14,551.485,duplicate,
9,15,551.485,duplicate,
9,16,551.485,duplicate,
9,17,551.485,duplicate,
9,18,551.485,duplicate,
9,19,551.485,duplicate,
9,20,551.485,duplicate,
9,21,551.485,duplicate,
9,22,551.485,duplicate,
9,23,551.485,duplicate,
9,24,595.462
9,25,579.999
9,26,588.809
9,27,578.859
9,28,579.538
9,29,579.537
9,30,593.832
9,31,614.579
10,0,551.485
10,1,551.485,duplicate,
10,2,551.485,duplicate,
10,3,551.485,duplicate,
10,4,551.485,duplicate,
10,5,551.485,duplicate,
10,6,551.485,duplicate,
10,7,551.485,duplicate,
10,8,551.485,duplicate,
10,9,551.485,duplicate,
10,10,551.485,duplicate,
10,11,551.485,duplicate,
10,12,551.485,duplicate,
10,13,551.485,duplicate,
10,14,551.485,duplicate,
10,15,551.485,duplicate,
10,16,551.485,duplicate,
10,17,551.485,duplicate,
10,18,551.485,duplicate,
10,19,551.485,duplicate,
10,20,551.485,duplicate,
10,21,551.485,duplicate,
10,22,551.485,duplicate,
10,23,551.485,duplicate,
10,24,601.397
10,25,551.485,duplicate,
10,26,552.233
10,27,593.832
10,28,583.387
10,29,572.419
10,30,589.146
10,31,577.6
11,0,551.485
11,1,551.485,duplicate,
11,2,551.485,duplicate,
11,3,551.485,duplicate,
11,4,551.485,duplicate,
11,5,551.485,duplicate,
11,6,551.485,duplicate,
11,7,551.485,duplicate,
11,8,551.485,duplicate,
11,9,551.485,duplicate,
11,10,551.485,duplicate,
11,11,551.485,duplicate,
11,12,551.485,duplicate,
11,13,551.485,duplicate,
11,14,551.485,duplicate,
11,15,551.485,duplicate,
11,16,551.485,duplicate,
11,17,551.485,duplicate,
11,18,551.485,duplicate,
11,19,551.485,duplicate,
11,20,551.485,duplicate,
11,21,551.485,duplicate,
11,22,551.485,duplicate,
11,23,551.485,duplicate,
11,24,602.385
11,25,552.876
11,26,569.24
11,27,608.241
11,28,592.138
11,29,551.32
11,30,579.828
11,31,575.198
12,0,562.508
12,1,551.485
12,2,551.485,duplicate,
12,3,551.485,duplicate,
12,4,551.485,duplicate,
12,5,551.485,duplicate,
12,6,551.485,duplicate,
12,7,541.647
12,8,562.508,duplicate,
12,9,551.485,duplicate,
12,10,551.485,duplicate,
12,11,551.485,duplicate,
12,12,551.485,duplicate,
12,13,551.485,duplicate,
12,14,551.485,duplicate,
12,15,551.485,duplicate,
12,16,562.508,duplicate,
12,17,551.485,duplicate,
12,18,551.485,duplicate,
12,19,551.485,duplicate,
12,20,551.485,duplicate,
12,21,551.485,duplicate,
12,22,551.485,duplicate,
12,23,562.508,duplicate,
12,24,550.878
12,25,565.878
12,26,584.594
12,27,608.704
12,28,578.41
12,29,588.041
12,30,551.646
12,31,557.844
13,0,541.647
13,1,551.485
13,2,551.485,duplicate,
13,3,551.485,duplicate,
13,4,551.485,duplicate,
13,5,551.485,duplicate,
13,6,551.485,duplicate,
13,7,541.647,duplicate,
13,8,541.647,duplicate,
13,9,551.485,duplicate,
13,10,551.485,duplicate,
13,11,551.485,duplicate,
13,12,551.485,duplicate,
13,13,551.485,duplicate,
13,14,551.485,duplicate,
13,15,541.647,duplicate,
13,16,541.647,duplicate,
13,17,550.878
13,18,551.485,duplicate,
13,19,551.485,duplicate,
13,20,551.485,duplicate,
13,21,551.485,duplicate,
13,22,551.485,duplicate,
13,23,541.647,duplicate,
13,24,521.861
13,25,561.368
13,26,567.888
13,27,606.424
13,28,590.736
13,29,606.23
13,30,589.886
13,31,603.538
14,0,521.861
14,1,541.647
14,2,541.647,duplicate,
14,3,541.647,duplicate,
14,4,541.647,duplicate,
14,5,541.647,duplicate,
14,6,550.878
14,7,550.878,duplicate,
14,8,521.861,duplicate,
14,9,541.647,duplicate,
14,10,541.647,duplicate,
14,11,541.647,duplicate,
14,12,541.647,duplicate,
14,13,541.647,duplicate,
14,14,550.878,duplicate,
14,15,521.861,duplicate,
14,16,541.647,duplicate,
14,17,541.647,duplicate,
14,18,541.647,duplicate,
14,19,541.647,duplicate,
14,20,541.647,duplicate,
14,21,541.647,duplicate,
14,22,541.647,duplicate,
14,23,550.878,duplicate,
14,24,556.963
14,25,582.537
14,26,569.478
14,27,570.15
14,28,567.123
14,29,585.626
14,30,559.969
14,31,597.194
15,0,521.861
15,1,521.861,duplicate,
15,2,541.647
15,3,541.647,duplicate,
15,4,541.647,duplicate,
15,5,541.647,duplicate,
15,6,541.647,duplicate,
15,7,541.647,duplicate,
15,8,521.861,duplicate,
15,9,521.861,duplicate,
15,10,521.861,duplicate,
15,11,541.647,duplicate,
15,12,541.647,duplicate,
15,13,541.647,duplicate,
15,14,541.647,duplicate,
15,15,541.647,duplicate,
15,16,521.861,duplicate,
15,17,521.861,duplicate,
15,18,521.861,duplicate,
15,19,541.647,duplicate,
15,20,541.647,duplicate,
15,21,541.647,duplicate,
15,22,541.647,duplicate,
15,23,541.647,duplicate,
15,24,543.105
15,25,544.136
15,26,539.591
15,27,573.293
15,28,580.892
15,29,572.722
15,30,576.713
15,31,572.572
16,0,521.861
16,1,521.861,duplicate,
16,2,521.861,duplicate,
16,3,521.861,duplicate,
16,4,521.861,duplicate,
16,5,521.861,duplicate,
16,6,521.861,duplicate,
16,7,521.861,duplicate,
16,8,521.861,duplicate,
16,9,521.861,duplicate,
16,10,521.861,duplicate,
16,11,521.861,duplicate,
16,12,521.861,duplicate,
16,13,521.861,duplicate,
16,14,521.861,duplicate,
16,15,521.861,duplicate,
16,16,521.861,duplicate,
16,17,521.861,duplicate,
16,18,521.861,duplicate,
16,19,521.861,duplicate,
16,20,521.861,duplicate,
16,21,521.861,duplicate,
16,22,521.861,duplicate,
16,23,521.861,duplicate,
16,24,522.275
16,25,540.585
16,26,527.133
16,27,532.85
16,28,504.867
16,29,571.935
16,30,550.346
16,31,583.831
17,0,521.861
17,1,521.861,duplicate,
17,2,521.861,duplicate,
17,3,521.861,duplicate,
17,4,521.861,duplicate,
17,5,521.861,duplicate,
17,6,521.861,duplicate,
17,7,531.334
17,8,521.861,duplicate,
17,9,521.861,duplicate,
17,10,521.861,duplicate,
17,11,521.861,duplicate,
17,12,521.861,duplicate,
17,13,521.861,duplicate,
17,14,521.861,duplicate,
17,15,521.861,duplicate,
17,16,504.867
17,17,521.861,duplicate,
17,18,521.861,duplicate,
17,19,521.861,duplicate,
17,20,521.861,duplicate,
17,21,521.861,duplicate,
17,22,521.861,duplicate,
17,23,521.861,duplicate,
17,24,530.1
17,25,561.282
17,26,551.767
17,27,571.693
17,28,521.861,duplicate,
17,29,550.346
17,30,561.014
17,31,568.899
18,0,521.861
18,1,521.861,duplicate,
18,2,521.861,duplicate,
18,3,521.861,duplicate,
18,4,521.861,duplicate,
18,5,521.861,duplicate,
18,6,521.861,duplicate,
18,7,521.861,duplicate,
18,8,521.861,duplicate,
18,9,521.861,duplicate,
18,10,521.861,duplicate,
18,11,521.861,duplicate,
18,12,521.861,duplicate,
18,13,521.861,duplicate,
18,14,521.861,duplicate,
18,15,521.861,duplicate,
18,16,531.334
18,17,521.861,duplicate,
18,18,521.861,duplicate,
18,19,521.861,duplicate,
18,20,521.861,duplicate,
18,21,521.861,duplicate,
18,22,521.861,duplicate,
18,23,513.733
18,24,548.256
18,25,550.799
18,26,566.46
18,27,532.85
18,28,565.588
18,29,528.909
18,30,520.42
18,31,543.105
19,0,532.415
19,1,511.923
19,2,521.861
19,3,521.861,duplicate,
19,4,521.861,duplicate,
19,5,521.861,duplicate,
19,6,521.861,duplicate,
19,7,513.733
19,8,532.415,duplicate,
19,9,520.42
19,10,521.861,duplicate,
19,11,521.861,duplicate,
19,12,521.861,duplicate,
19,13,521.861,duplicate,
19,14,521.861,duplicate,
19,15,521.861,duplicate,
19,16,522.434
19,17,532.415,duplicate,
19,18,521.861,duplicate,
19,19,521.861,duplicate,
19,20,521.861,duplicate,
19,21,521.861,duplicate,
19,22,521.861,duplicate,
19,23,521.861,duplicate,
19,24,555.57
19,25,566.349
19,26,580.336
19,27,575.636
19,28,566.422
19,29,558.606
19,30,534.363
19,31,539.381
20,0,502.201
20,1,513.733
20,2,520.42
20,3,521.861
20,4,521.861,duplicate,
20,5,521.861,duplicate,
20,6,521.861,duplicate,
20,7,521.861,duplicate,
20,8,511.923
20,9,532.415
20,10,532.415,duplicate,
20,11,521.861,duplicate,
20,12,521.861,duplicate,
20,13,521.861,duplicate,
20,14,521.861,duplicate,
20,15,521.861,duplicate,
20,16,502.201,duplicate,
20,17,502.201,duplicate,
20,18,511.923,duplicate,
20,19,521.861,duplicate,
20,20,521.861,duplicate,
20,21,521.861,duplicate,
20,22,521.861,duplicate,
20,23,511.923,duplicate,
20,24,555.622
20,25,531.133
20,26,547.327
20,27,539.854
20,28,522.962
20,29,547.966
20,30,562.482
20,31,535.772
21,0,502.201
21,1,502.201,duplicate,
21,2,511.923
21,3,511.923,duplicate,
21,4,511.923,duplicate,
21,5,511.923,duplicate,
21,6,532.415
21,7,502.201,duplicate,
21,8,502.201,duplicate,
21,9,502.201,duplicate,
21,10,511.923,duplicate,
21,11,511.923,duplicate,
21,12,511.923,duplicate,
21,13,511.923,duplicate,
21,14,520.42
21,15,520.42,duplicate,
21,16,502.201,duplicate,
21,17,502.201,duplicate,
21,18,502.201,duplicate,
21,19,511.923,duplicate,
21,20,511.923,duplicate,
21,21,511.923,duplicate,
21,22,521.861
21,23,502.201,duplicate,
21,24,512.304
21,25,541.321
21,26,522.981
21,27,523.737
21,28,534.584
21,29,546.255
21,30,538.946
21,31,559.307
22,0,502.201
22,1,502.201,duplicate,
22,2,502.201,duplicate,
22,3,502.201,duplicate,
22,4,502.201,duplicate,
22,5,502.201,duplicate,
22,6,502.201,duplicate,
22,7,502.201,duplicate,
22,8,502.201,duplicate,
22,9,502.201,duplicate,
22,10,502.201,duplicate,
22,11,502.201,duplicate,
22,12,502.201,duplicate,
22,13,502.201,duplicate,
22,14,502.201,duplicate,
22,15,502.201,duplicate,
22,16,502.201,duplicate,
22,17,502.201,duplicate,
22,18,502.201,duplicate,
22,19,502.201,duplicate,
22,20,502.201,duplicate,
22,21,502.201,duplicate,
22,22,502.201,duplicate,
22,23,502.201,duplicate,
22,24,524.362
22,25,526.942
22,26,562.052
22,27,549.462
22,28,523.205
22,29,553.729
22,30,541.138
22,31,541.894
23,0,502.201
23,1,502.201,duplicate,
23,2,502.201,duplicate,
23,3,502.201,duplicate,
23,4,502.201,duplicate,
23,5,502.201,duplicate,
23,6,502.201,duplicate,
23,7,502.201,duplicate,
23,8,502.201,duplicate,
23,9,502.201,duplicate,
23,10,502.201,duplicate,
23,11,502.201,duplicate,
23,12,502.201,duplicate,
23,13,502.201,duplicate,
23,14,502.201,duplicate,
23,15,502.201,duplicate,
23,16,502.201,duplicate,
23,17,502.201,duplicate,
23,18,502.201,duplicate,
23,19,502.201,duplicate,
23,20,502.201,duplicate,
23,21,502.201,duplicate,
23,22,502.201,duplicate,
23,23,502.201,duplicate,
23,24,522.058
23,25,534.117
23,26,545.41
23,27,503.99
23,28,540.374
23,29,502.201,duplicate,
23,30,534.915
23,31,503.038
24,0,502.201
24,1,502.201,duplicate,
24,2,502.201,duplicate,
24,3,502.201,duplicate,
24,4,502.201,duplicate,
24,5,502.201,duplicate,
24,6,502.201,duplicate,
24,7,502.201,duplicate,
24,8,502.201,duplicate,
24,9,502.201,duplicate,
24,10,502.201,duplicate,
24,11,502.201,duplicate,
24,12,502.201,duplicate,
24,13,502.201,duplicate,
24,14,502.201,duplicate,
24,15,502.201,duplicate,
24,16,502.201,duplicate,
24,17,502.201,duplicate,
24,18,502.201,duplicate,
24,19,502.201,duplicate,
24,20,502.201,duplicate,
24,21,502.201,duplicate,
24,22,502.201,duplicate,
24,23,502.201,duplicate,
24,24,551.28
24,25,548.365
24,26,521.502
24,27,514.267
24,28,520.719
24,29,534.117
24,30,502.201,duplicate,
24,31,529.852
25,0,502.201
25,1,502.201,duplicate,
25,2,502.201,duplicate,
25,3,502.201,duplicate,
25,4,502.201,duplicate,
25,5,502.201,duplicate,
25,6,502.201,duplicate,
25,7,502.201,duplicate,
25,8,502.201,duplicate,
25,9,502.201,duplicate,
25,10,502.201,duplicate,
25,11,502.201,duplicate,
25,12,502.201,duplicate,
25,13,502.201,duplicate,
25,14,502.201,duplicate,
25,15,502.201,duplicate,
25,16,502.201,duplicate,
25,17,502.201,duplicate,
25,18,502.201,duplicate,
25,19,502.201,duplicate,
25,20,502.201,duplicate,
25,21,502.201,duplicate,
25,22,502.201,duplicate,
25,23,502.201,duplicate,
25,24,526.25
25,25,528.869
25,26,523.711
25,27,509.04
25,28,544.862
25,29,515.295
25,30,541.116
25,31,542.238
26,0,502.201
26,1,502.201,duplicate,
26,2,502.201,duplicate,
26,3,502.201,duplicate,
26,4,502.201,duplicate,
26,5,502.201,duplicate,
26,6,502.201,duplicate,
26,7,502.201,duplicate,
26,8,502.201,duplicate,
26,9,502.201,duplicate,
26,10,502.201,duplicate,
26,11,502.201,duplicate,
26,12,502.201,duplicate,
26,13,502.201,duplicate,
26,14,502.201,duplicate,
26,15,502.201,duplicate,
26,16,502.201,duplicate,
26,17,502.201,duplicate,
26,18,502.201,duplicate,
26,19,502.201,duplicate,
26,20,502.201,duplicate,
26,21,502.201,duplicate,
26,22,502.201,duplicate,
26,23,502.201,duplicate,
26,24,552.077
26,25,520.561
26,26,523.326
26,27,554.45
26,28,539.747
26,29,532.15
26,30,527.133
26,31,526.51
27,0,502.201
27,1,502.201,duplicate,
27,2,502.201,duplicate,
27,3,502.201,duplicate,
27,4,502.201,duplicate,
27,5,502.201,duplicate,
27,6,502.201,duplicate,
27,7,502.201,duplicate,
27,8,502.201,duplicate,
27,9,502.201,duplicate,
27,10,502.201,duplicate,
27,11,502.201,duplicate,
27,12,502.201,duplicate,
27,13,502.201,duplicate,
27,14,502.201,duplicate,
27,15,502.201,duplicate,
27,16,502.201,duplicate,
27,17,502.201,duplicate,
27,18,502.201,duplicate,
27,19,502.201,duplicate,
27,20,502.201,duplicate,
27,21,502.201,duplicate,
27,22,502.201,duplicate,
27,23,502.201,duplicate,
27,24,529.94
27,25,515.465
27,26,534.638
27,27,530.254
27,28,539.592
27,29,561.97
27,30,521.957
27,31,526.045
28,0,502.201
28,1,502.201,duplicate,
28,2,502.201,duplicate,
28,3,502.201,duplicate,
28,4,502.201,duplicate,
28,5,502.201,duplicate,
28,6,502.201,duplicate,
28,7,502.201,duplicate,
28,8,502.201,duplicate,
28,9,502.201,duplicate,
28,10,502.201,duplicate,
28,11,502.201,duplicate,
28,12,502.201,duplicate,
28,13,502.201,duplicate,
28,14,502.201,duplicate,
28,15,502.201,duplicate,
28,16,502.201,duplicate,
28,17,502.201,duplicate,
28,18,502.201,duplicate,
28,19,502.201,duplicate,
28,20,502.201,duplicate,
28,21,502.201,duplicate,
28,22,502.201,duplicate,
28,23,502.201,duplicate,
28,24,556.11
28,25,546.67
28,26,526.089
28,27,524.216
28,28,539.369
28,29,545.128
28,30,527.516
28,31,564.386
29,0,502.201
29,1,502.201,duplicate,
29,2,502.201,duplicate,
29,3,502.201,duplicate,
29,4,502.201,duplicate,
29,5,502.201,duplicate,
29,6,502.201,duplicate,
29,7,502.201,duplicate,
29,8,502.201,duplicate,
29,9,502.201,duplicate,
29,10,502.201,duplicate,
29,11,502.201,duplicate,
29,12,502.201,duplicate,
29,13,502.201,duplicate,
29,14,502.201,duplicate,
29,15,502.201,duplicate,
29,16,502.201,duplicate,
29,17,502.201,duplicate,
29,18,502.201,duplicate,
29,19,502.201,duplicate,
29,20,502.201,duplicate,
29,21,502.201,duplicate,
29,22,502.201,duplicate,
29,23,502.201,duplicate,
29,24,551.19
29,25,520.719
29,26,529.457
29,27,520.942
29,28,522.067
29,29,535.218
29,30,501.676
29,31,522.896
30,0,502.201
30,1,502.201,duplicate,
30,2,502.201,duplicate,
30,3,502.201,duplicate,
30,4,502.201,duplicate,
30,5,502.201,duplicate,
30,6,502.201,duplicate,
30,7,502.201,duplicate,
30,8,501.676
30,9,502.201,duplicate,
30,10,502.201,duplicate,
30,11,502.201,duplicate,
30,12,502.201,duplicate,
30,13,502.201,duplicate,
30,14,502.201,duplicate,
30,15,502.201,duplicate,
30,16,502.201,duplicate,
30,17,502.201,duplicate,
30,18,502.201,duplicate,
30,19,502.201,duplicate,
30,20,502.201,duplicate,
30,21,502.201,duplicate,
30,22,502.201,duplicate,
30,23,501.676,duplicate,
30,24,507.622
30,25,527.751
30,26,530.745
30,27,533.511
30,28,528.247
30,29,519.279
30,30,525.142
30,31,550.762
31,0,501.676
31,1,502.201
31,2,502.201,duplicate,
31,3,502.201,duplicate,
31,4,502.201,duplicate,
31,5,502.201,duplicate,
31,6,502.201,duplicate,
31,7,501.676,duplicate,
31,8,501.676,duplicate,
31,9,501.676,duplicate,
31,10,502.201,duplicate,
31,11,502.201,duplicate,
31,12,502.201,duplicate,
31,13,502.201,duplicate,
31,14,502.201,duplicate,
31,15,501.676,duplicate,
31,16,501.676,duplicate,
31,17,492.845
31,18,502.201,duplicate,
31,19,502.201,duplicate,
31,20,502.201,duplicate,
31,21,502.201,duplicate,
31,22,502.201,duplicate,
31,23,502.201,duplicate,
31,24,531.562
31,25,501.676,duplicate,
31,26,539.952
31,27,568.217
31,28,502.201,duplicate,
31,29,549.049
31,30,528.901
31,31,537.012
32,0,501.676
32,1,501.676,duplicate,
32,2,501.676,duplicate,
32,3,501.676,duplicate,
32,4,501.676,duplicate,
32,5,501.676,duplicate,
32,6,501.676,duplicate,
32,7,492.845
32,8,492.845,duplicate,
32,9,501.676,duplicate,
32,10,501.676,duplicate,
32,11,501.676,duplicate,
32,12,501.676,duplicate,
32,13,501.676,duplicate,
32,14,501.676,duplicate,
32,15,501.676,duplicate,
32,16,501.676,duplicate,
32,17,501.676,duplicate,
32,18,501.676,duplicate,
32,19,501.676,duplicate,
32,20,501.676,duplicate,
32,21,501.676,duplicate,
32,22,501.676,duplicate,
32,23,501.676,duplicate,
32,24,511.481
32,25,556.815
32,26,540.396
32,27,554.918
32,28,534.211
32,29,530.771
32,30,553.311
32,31,533.15
33,0,492.845
33,1,501.676
33,2,501.676,duplicate,
33,3,501.676,duplicate,
33,4,501.676,duplicate,
33,5,501.676,duplicate,
33,6,501.676,duplicate,
33,7,501.676,duplicate,
33,8,492.845,duplicate,
33,9,492.845,duplicate,
33,10,501.676,duplicate,
33,11,501.676,duplicate,
33,12,501.676,duplicate,
33,13,501.676,duplicate,
33,14,501.676,duplicate,
33,15,501.676,duplicate,
33,16,492.845,duplicate,
33,17,501.676,duplicate,
33,18,501.676,duplicate,
33,19,501.676,duplicate,
33,20,501.676,duplicate,
33,21,501.676,duplicate,
33,22,501.676,duplicate,
33,23,501.676,duplicate,
33,24,555.175
33,25,518.877
33,26,540.01
33,27,534.876
33,28,533.194
33,29,545.858
33,30,501.676,duplicate,
33,31,521.283
34,0,492.845
34,1,492.845,duplicate,
34,2,492.845,duplicate,
34,3,501.676
34,4,501.676,duplicate,
34,5,501.676,duplicate,
34,6,501.676,duplicate,
34,7,492.845,duplicate,
34,8,492.845,duplicate,
34,9,492.845,duplicate,
34,10,492.845,duplicate,
34,11,492.845,duplicate,
34,12,501.676,duplicate,
34,13,501.676,duplicate,
34,14,501.676,duplicate,
34,15,492.845,duplicate,
34,16,492.845,duplicate,
34,17,492.845,duplicate,
34,18,492.845,duplicate,
34,19,492.845,duplicate,
34,20,501.676,duplicate,
34,21,501.676,duplicate,
34,22,501.676,duplicate,
34,23,501.676,duplicate,
34,24,512.428
34,25,520.26
34,26,534.258
34,27,556.028
34,28,524.054
34,29,532.306
34,30,539.259
34,31,533.618
35,0,492.845
35,1,492.845,duplicate,
35,2,492.845,duplicate,
35,3,492.845,duplicate,
35,4,492.845,duplicate,
35,5,492.845,duplicate,
35,6,492.845,duplicate,
35,7,492.845,duplicate,
35,8,492.845,duplicate,
35,9,492.845,duplicate,
35,10,492.845,duplicate,
35,11,492.845,duplicate,
35,12,492.845,duplicate,
35,13,492.845,duplicate,
35,14,492.845,duplicate,
35,15,492.845,duplicate,
35,16,492.845,duplicate,
35,17,492.845,duplicate,
35,18,492.845,duplicate,
35,19,492.845,duplicate,
35,20,492.845,duplicate,
35,21,492.845,duplicate,
35,22,492.845,duplicate,
35,23,492.845,duplicate,
35,24,535.218
35,25,515.343
35,26,535.655
35,27,519.352
35,28,523.919
35,29,521.598
35,30,518.794
35,31,505.66
36,0,492.845
36,1,492.845,duplicate,
36,2,492.845,duplicate,
36,3,492.845,duplicate,
36,4,492.845,duplicate,
36,5,492.845,duplicate,
36,6,492.845,duplicate,
36,7,492.845,duplicate,
36,8,492.845,duplicate,
36,9,492.845,duplicate,
36,10,492.845,duplicate,
36,11,492.845,duplicate,
36,12,492.845,duplicate,
36,13,492.845,duplicate,
36,14,492.845,duplicate,
36,15,492.845,duplicate,
36,16,492.845,duplicate,
36,17,492.845,duplicate,
36,18,492.845,duplicate,
36,19,492.845,duplicate,
36,20,492.845,duplicate,
36,21,492.845,duplicate,
36,22,492.845,duplicate,
36,23,492.845,duplicate,
36,24,529.708
36,25,528.494
36,26,511.081
36,27,536.053
36,28,524.96
36,29,541.67
36,30,524.083
36,31,492.845,duplicate,
37,0,492.845
37,1,492.845,duplicate,
37,2,492.845,duplicate,
37,3,492.845,duplicate,
37,4,492.845,duplicate,
37,5,492.845,duplicate,
37,6,492.845,duplicate,
37,7,492.845,duplicate,
37,8,492.845,duplicate,
37,9,492.845,duplicate,
37,10,492.845,duplicate,
37,11,492.845,duplicate,
37,12,492.845,duplicate,
37,13,492.845,duplicate,
37,14,492.845,duplicate,
37,15,492.845,duplicate,
37,16,492.845,duplicate,
37,17,492.845,duplicate,
37,18,492.845,duplicate,
37,19,492.845,duplicate,
37,20,492.845,duplicate,
37,21,492.845,duplicate,
37,22,492.845,duplicate,
37,23,492.845,duplicate,
37,24,520.074
37,25,546.55
37,26,504.417
37,27,547.165
37,28,538.14
37,29,518.396
37,30,504.618
37,31,517.146
38,0,492.845
38,1,492.845,duplicate,
38,2,492.845,duplicate,
38,3,492.845,duplicate,
38,4,492.845,duplicate,
38,5,492.845,duplicate,
38,6,492.845,duplicate,
38,7,492.845,duplicate,
38,8,492.845,duplicate,
38,9,492.845,duplicate,
38,10,492.845,duplicate,
38,11,492.845,duplicate,
38,12,492.845,duplicate,
38,13,492.845,duplicate,
38,14,492.845,duplicate,
38,15,492.845,duplicate,
38,16,492.845,duplicate,
38,17,492.845,duplicate,
38,18,492.845,duplicate,
38,19,492.845,duplicate,
38,20,492.845,duplicate,
38,21,492.845,duplicate,
38,22,492.845,duplicate,
38,23,492.845,duplicate,
38,24,539.815
38,25,505.499
38,26,511.533
38,27,506.657
38,28,547.682
38,29,538.14
38,30,528.463
38,31,559.786
39,0,492.845
39,1,492.845,duplicate,
39,2,492.845,duplicate,
39,3,492.845,duplicate,
39,4,492.845,duplicate,
39,5,492.845,duplicate,
39,6,492.845,duplicate,
39,7,492.845,duplicate,
39,8,492.845,duplicate,
39,9,492.845,duplicate,
39,10,492.845,duplicate,
39,11,492.845,duplicate,
39,12,492.845,duplicate,
39,13,492.845,duplicate,
39,14,492.845,duplicate,
39,15,492.845,duplicate,
39,16,492.845,duplicate,
39,17,492.845,duplicate,
39,18,492.845,duplicate,
39,19,492.845,duplicate,
39,20,492.845,duplicate,
39,21,492.845,duplicate,
39,22,492.845,duplicate,
39,23,492.845,duplicate,
39,24,511.481
39,25,506.416
39,26,527.528
39,27,517.118
39,28,552.934
39,29,516.625
39,30,528.52
39,31,524.789
40,0,492.845
40,1,492.845,duplicate,
40,2,492.845,duplicate,
40,3,492.845,duplicate,
40,4,492.845,duplicate,
40,5,492.845,duplicate,
40,6,492.845,duplicate,
40,7,492.845,duplicate,
40,8,492.845,duplicate,
40,9,492.845,duplicate,
40,10,492.845,duplicate,
40,11,492.845,duplicate,
40,12,492.845,duplicate,
40,13,492.845,duplicate,
40,14,492.845,duplicate,
40,15,492.845,duplicate,
40,16,492.845,duplicate,
40,17,492.845,duplicate,
40,18,492.845,duplicate,
40,19,492.845,duplicate,
40,20,492.845,duplicate,
40,21,492.845,duplicate,
40,22,492.845,duplicate,
40,23,492.845,duplicate,
40,24,513.349
40,25,557.067
40,26,529.35
40,27,523.27
40,28,536.914
40,29,517.643
40,30,528.98
40,31,524.246
41,0,492.845
41,1,492.845,duplicate,
41,2,492.845,duplicate,
41,3,492.845,duplicate,
41,4,492.845,duplicate,
41,5,492.845,duplicate,
41,6,492.845,duplicate,
41,7,492.845,duplicate,
41,8,492.845,duplicate,
41,9,492.845,duplicate,
41,10,492.845,duplicate,
41,11,492.845,duplicate,
41,12,492.845,duplicate,
41,13,492.845,duplicate,
41,14,492.845,duplicate,
41,15,492.845,duplicate,
41,16,492.845,duplicate,
41,17,492.845,duplicate,
41,18,492.845,duplicate,
41,19,492.845,duplicate,
41,20,492.845,duplicate,
41,21,492.845,duplicate,
41,22,492.845,duplicate,
41,23,492.845,duplicate,
41,24,515.065
41,25,525.73
41,26,528.298
41,27,520.071
41,28,517.123
41,29,523.675
41,30,512.192
41,31,509.838
42,0,492.845
42,1,492.845,duplicate,
42,2,492.845,duplicate,
42,3,492.845,duplicate,
42,4,492.845,duplicate,
42,5,492.845,duplicate,
42,6,492.845,duplicate,
42,7,492.845,duplicate,
42,8,492.845,duplicate,
42,9,492.845,duplicate,
42,10,492.845,duplicate,
42,11,492.845,duplicate,
42,12,492.845,duplicate,
42,13,492.845,duplicate,
42,14,492.845,duplicate,
42,15,492.845,duplicate,
42,16,492.845,duplicate,
42,17,492.845,duplicate,
42,18,492.845,duplicate,
42,19,492.845,duplicate,
42,20,492.845,duplicate,
42,21,492.845,duplicate,
42,22,492.845,duplicate,
42,23,492.845,duplicate,
42,24,528.352
42,25,555.492
42,26,538.821
42,27,529.35
42,28,504.417
42,29,547.075
42,30,541.087
42,31,538.874
43,0,492.845
43,1,492.845,duplicate,
43,2,492.845,duplicate,
43,3,492.845,duplicate,
43,4,492.845,duplicate,
43,5,492.845,duplicate,
43,6,492.845,duplicate,
43,7,492.845,duplicate,
43,8,492.845,duplicate,
43,9,492.845,duplicate,
43,10,492.845,duplicate,
43,11,492.845,duplicate,
43,12,492.845,duplicate,
43,13,492.845,duplicate,
43,14,492.845,duplicate,
43,15,492.845,duplicate,
43,16,492.845,duplicate,
43,17,492.845,duplicate,
43,18,492.845,duplicate,
43,19,492.845,duplicate,
43,20,492.845,duplicate,
43,21,492.845,duplicate,
43,22,492.845,duplicate,
43,23,492.845,duplicate,
43,24,526.767
43,25,528.412
43,26,518.86
43,27,518.033
43,28,517.693
43,29,499.073
43,30,518.006
43,31,517.884
44,0,492.845
44,1,492.845,duplicate,
44,2,492.845,duplicate,
44,3,492.845,duplicate,
44,4,492.845,duplicate,
44,5,492.845,duplicate,
44,6,492.845,duplicate,
44,7,492.845,duplicate,
44,8,492.845,duplicate,
44,9,492.845,duplicate,
44,10,492.845,duplicate,
44,11,492.845,duplicate,
44,12,492.845,duplicate,
44,13,492.845,duplicate,
44,14,492.845,duplicate,
44,15,492.845,duplicate,
44,16,492.845,duplicate,
44,17,492.845,duplicate,
44,18,492.845,duplicate,
44,19,492.845,duplicate,
44,20,492.845,duplicate,
44,21,492.845,duplicate,
44,22,492.845,duplicate,
44,23,492.845,duplicate,
44,24,526.767
44,25,529.306
44,26,513.167
44,27,530.581
44,28,530.884
44,29,519.996
44,30,520.401
44,31,518.347
45,0,492.845
45,1,492.845,duplicate,
45,2,492.845,duplicate,
45,3,492.845,duplicate,
45,4,492.845,duplicate,
45,5,492.845,duplicate,
45,6,492.845,duplicate,
45,7,492.845,duplicate,
45,8,492.845,duplicate,
45,9,492.845,duplicate,
45,10,492.845,duplicate,
45,11,492.845,duplicate,
45,12,492.845,duplicate,
45,13,492.845,duplicate,
45,14,492.845,duplicate,
45,15,492.845,duplicate,
45,16,492.845,duplicate,
45,17,492.845,duplicate,
45,18,492.845,duplicate,
45,19,492.845,duplicate,
45,20,492.845,duplicate,
45,21,492.845,duplicate,
45,22,492.845,duplicate,
45,23,492.845,duplicate,
45,24,557.245
45,25,526.271
45,26,523.592
45,27,518.637
45,28,513.274
45,29,529.962
45,30,530.56
45,31,538.874
46,0,492.845
46,1,492.845,duplicate,
46,2,492.845,duplicate,
46,3,492.845,duplicate,
46,4,492.845,duplicate,
46,5,492.845,duplicate,
46,6,492.845,duplicate,
46,7,492.845,duplicate,
46,8,492.845,duplicate,
46,9,492.845,duplicate,
46,10,492.845,duplicate,
46,11,492.845,duplicate,
46,12,492.845,duplicate,
46,13,492.845,duplicate,
46,14,492.845,duplicate,
46,15,492.845,duplicate,
46,16,492.845,duplicate,
46,17,492.845,duplicate,
46,18,492.845,duplicate,
46,19,492.845,duplicate,
46,20,492.845,duplicate,
46,21,492.845,duplicate,
46,22,492.845,duplicate,
46,23,492.845,duplicate,
46,24,492.845,duplicate,
46,25,520.695
46,26,513.733
46,27,535.242
46,28,516.073
46,29,499.204
46,30,528.298
46,31,539.824
47,0,492.845
47,1,492.845,duplicate,
47,2,492.845,duplicate,
47,3,492.845,duplicate,
47,4,492.845,duplicate,
47,5,492.845,duplicate,
47,6,492.845,duplicate,
47,7,492.845,duplicate,
47,8,492.845,duplicate,
47,9,492.845,duplicate,
47,10,492.845,duplicate,
47,11,492.845,duplicate,
47,12,492.845,duplicate,
47,13,492.845,duplicate,
47,14,492.845,duplicate,
47,15,492.845,duplicate,
47,16,492.845,duplicate,
47,17,492.845,duplicate,
47,18,492.845,duplicate,
47,19,492.845,duplicate,
47,20,492.845,duplicate,
47,21,492.845,duplicate,
47,22,492.845,duplicate,
47,23,492.845,duplicate,
47,24,536.202
47,25,542.816
47,26,540.52
47,27,488.273
47,28,539.682
47,29,511.251
47,30,521.046
47,31,516.877
48,0,503.99
48,1,492.845
48,2,492.845,duplicate,
48,3,492.845,duplicate,
48,4,492.845,duplicate,
48,5,492.845,duplicate,
48,6,492.845,duplicate,
48,7,492.845,duplicate,
48,8,488.273
48,9,492.845,duplicate,
48,10,492.845,duplicate,
48,11,492.845,duplicate,
48,12,492.845,duplicate,
48,13,492.845,duplicate,
48,14,492.845,duplicate,
48,15,477.534
48,16,477.534,duplicate,
48,17,492.845,duplicate,
48,18,492.845,duplicate,
48,19,492.845,duplicate,
48,20,492.845,duplicate,
48,21,492.845,duplicate,
48,22,492.845,duplicate,
48,23,477.534,duplicate,
48,24,523.171
48,25,521.296
48,26,536.914
48,27,522.199
48,28,530.444
48,29,517.167
48,30,552.662
48,31,547.469
49,0,477.534
49,1,477.534,duplicate,
49,2,477.534,duplicate,
49,3,503.99
49,4,492.845
49,5,492.845,duplicate,
49,6,492.845,duplicate,
49,7,477.534,duplicate,
49,8,477.534,duplicate,
49,9,477.534,duplicate,
49,10,477.534,duplicate,
49,11,488.273
49,12,492.845,duplicate,
49,13,492.845,duplicate,
49,14,492.845,duplicate,
49,15,492.845,duplicate,
49,16,477.534,duplicate,
49,17,477.534,duplicate,
49,18,488.273,duplicate,
49,19,488.273,duplicate,
49,20,492.845,duplicate,
49,21,492.845,duplicate,
49,22,492.845,duplicate,
49,23,492.845,duplicate,
49,24,503.811
49,25,497.45
49,26,515.905
49,27,520.07
49,28,526.229
49,29,548.776
49,30,524.818
49,31,492.845,duplicate,
50,0,477.534
50,1,477.534,duplicate,
50,2,477.534,duplicate,
50,3,477.534,duplicate,
50,4,477.534,duplicate,
50,5,477.534,duplicate,
50,6,477.534,duplicate,
50,7,477.534,duplicate,
50,8,477.534,duplicate,
50,9,477.534,duplicate,
50,10,477.534,duplicate,
50,11,477.534,duplicate,
50,12,477.534,duplicate,
50,13,477.534,duplicate,
50,14,477.534,duplicate,
50,15,477.534,duplicate,
50,16,477.534,duplicate,
50,17,477.534,duplicate,
50,18,477.534,duplicate,
50,19,477.534,duplicate,
50,20,477.534,duplicate,
50,21,477.534,duplicate,
50,22,477.534,duplicate,
50,23,477.534,duplicate,
50,24,505.554
50,25,497.346
50,26,511.015
50,27,503.055
50,28,508.828
50,29,501.453
50,30,541.201
50,31,529.96
51,0,477.534
51,1,477.534,duplicate,
51,2,477.534,duplicate,
51,3,477.534,duplicate,
51,4,477.534,duplicate,
51,5,477.534,duplicate,
51,6,477.534,duplicate,
51,7,477.534,duplicate,
51,8,477.534,duplicate,
51,9,477.534,duplicate,
51,10,477.534,duplicate,
51,11,477.534,duplicate,
51,12,477.534,duplicate,
51,13,477.534,duplicate,
51,14,477.534,duplicate,
51,15,477.534,duplicate,
51,16,477.534,duplicate,
51,17,477.534,duplicate,
51,18,477.534,duplicate,
51,19,477.534,duplicate,
51,20,477.534,duplicate,
51,21,477.534,duplicate,
51,22,477.534,duplicate,
51,23,477.534,duplicate,
51,24,508.479
51,25,507.779
51,26,490.143
51,27,505.445
51,28,503.952
51,29,522.822
51,30,525.842
51,31,514.49
52,0,477.534
52,1,477.534,duplicate,
52,2,477.534,duplicate,
52,3,477.534,duplicate,
52,4,477.534,duplicate,
52,5,477.534,duplicate,
52,6,477.534,duplicate,
52,7,477.534,duplicate,
52,8,477.534,duplicate,
52,9,477.534,duplicate,
52,10,477.534,duplicate,
52,11,477.534,duplicate,
52,12,477.534,duplicate,
52,13,477.534,duplicate,
52,14,477.534,duplicate,
52,15,477.534,duplicate,
52,16,477.534,duplicate,
52,17,477.534,duplicate,
52,18,477.534,duplicate,
52,19,477.534,duplicate,
52,20,477.534,duplicate,
52,21,477.534,duplicate,
52,22,477.534,duplicate,
52,23,477.534,duplicate,
52,24,504.231
52,25,521.167
52,26,503.682
52,27,505.554
52,28,522.001
52,29,501.265
52,30,515.908
52,31,540.365
53,0,477.534
53,1,477.534,duplicate,
53,2,477.534,duplicate,
53,3,477.534,duplicate,
53,4,477.534,duplicate,
53,5,477.534,duplicate,
53,6,477.534,duplicate,
53,7,477.534,duplicate,
53,8,477.534,duplicate,
53,9,477.534,duplicate,
53,10,477.534,duplicate,
53,11,477.534,duplicate,
53,12,477.534,duplicate,
53,13,477.534,duplicate,
53,14,477.534,duplicate,
53,15,477.534,duplicate,
53,16,477.534,duplicate,
53,17,477.534,duplicate,
53,18,477.534,duplicate,
53,19,477.534,duplicate,
53,20,477.534,duplicate,
53,21,477.534,duplicate,
53,22,477.534,duplicate,
53,23,477.534,duplicate,
53,24,521.866
53,25,523.876
53,26,509.307
53,27,523.979
53,28,539.048
53,29,509.086
53,30,501.651
53,31,503.276
54,0,477.534
54,1,477.534,duplicate,
54,2,477.534,duplicate,
54,3,477.534,duplicate,
54,4,477.534,duplicate,
54,5,477.534,duplicate,
54,6,477.534,duplicate,
54,7,477.534,duplicate,
54,8,477.534,duplicate,
54,9,477.534,duplicate,
54,10,477.534,duplicate,
54,11,477.534,duplicate,
54,12,477.534,duplicate,
54,13,477.534,duplicate,
54,14,477.534,duplicate,
54,15,477.534,duplicate,
54,16,477.534,duplicate,
54,17,477.534,duplicate,
54,18,477.534,duplicate,
54,19,477.534,duplicate,
54,20,477.534,duplicate,
54,21,477.534,duplicate,
54,22,477.534,duplicate,
54,23,477.534,duplicate,
54,24,514.492
54,25,515.553
54,26,515.718
54,27,519.705
54,28,510.286
54,29,505.482
54,30,514.889
54,31,527.33
55,0,477.534
55,1,477.534,duplicate,
55,2,477.534,duplicate,
55,3,477.534,duplicate,
55,4,477.534,duplicate,
55,5,477.534,duplicate,
55,6,477.534,duplicate,
55,7,477.534,duplicate,
55,8,477.534,duplicate,
55,9,477.534,duplicate,
55,10,477.534,duplicate,
55,11,477.534,duplicate,
55,12,477.534,duplicate,
55,13,477.534,duplicate,
55,14,477.534,duplicate,
55,15,477.534,duplicate,
55,16,477.534,duplicate,
55,17,477.534,duplicate,
55,18,477.534,duplicate,
55,19,477.534,duplicate,
55,20,477.534,duplicate,
55,21,477.534,duplicate,
55,22,477.534,duplicate,
55,23,477.534,duplicate,
55,24,521.932
55,25,531.66
55,26,528.76
55,27,509.381
55,28,494.296
55,29,521.866
55,30,503.705
55,31,511.131
56,0,477.534
56,1,477.534,duplicate,
56,2,477.534,duplicate,
56,3,477.534,duplicate,
56,4,477.534,duplicate,
56,5,477.534,duplicate,
56,6,477.534,duplicate,
56,7,477.534,duplicate,
56,8,477.534,duplicate,
56,9,477.534,duplicate,
56,10,477.534,duplicate,
56,11,477.534,duplicate,
56,12,477.534,duplicate,
56,13,477.534,duplicate,
56,14,477.534,duplicate,
56,15,477.534,duplicate,
56,16,477.534,duplicate,
56,17,477.534,duplicate,
56,18,477.534,duplicate,
56,19,477.534,duplicate,
56,20,477.534,duplicate,
56,21,477.534,duplicate,
56,22,477.534,duplicate,
56,23,477.534,duplicate,
56,24,504.217
56,25,534.603
56,26,502.691
56,27,519.941
56,28,513.819
56,29,516.334
56,30,509.427
56,31,521.875
57,0,477.534
57,1,477.534,duplicate,
57,2,477.534,duplicate,
57,3,477.534,duplicate,
57,4,477.534,duplicate,
57,5,477.534,duplicate,
57,6,477.534,duplicate,
57,7,477.534,duplicate,
57,8,477.534,duplicate,
57,9,477.534,duplicate,
57,10,477.534,duplicate,
57,11,477.534,duplicate,
57,12,477.534,duplicate,
57,13,477.534,duplicate,
57,14,477.534,duplicate,
57,15,477.534,duplicate,
57,16,477.534,duplicate,
57,17,477.534,duplicate,
57,18,477.534,duplicate,
57,19,477.534,duplicate,
57,20,477.534,duplicate,
57,21,477.534,duplicate,
57,22,477.534,duplicate,
57,23,477.534,duplicate,
57,24,477.534,duplicate,
57,25,522.837
57,26,528.326
57,27,494.156
57,28,514.724
57,29,521.797
57,30,514.384
57,31,509.82
58,0,477.534
58,1,477.534,duplicate,
58,2,477.534,duplicate,
58,3,477.534,duplicate,
58,4,477.534,duplicate,
58,5,477.534,duplicate,
58,6,477.534,duplicate,
58,7,477.534,duplicate,
58,8,477.534,duplicate,
58,9,477.534,duplicate,
58,10,477.534,duplicate,
58,11,477.534,duplicate,
58,12,477.534,duplicate,
58,13,477.534,duplicate,
58,14,477.534,duplicate,
58,15,477.534,duplicate,
58,16,477.534,duplicate,
58,17,477.534,duplicate,
58,18,477.534,duplicate,
58,19,477.534,duplicate,
58,20,477.534,duplicate,
58,21,477.534,duplicate,
58,22,477.534,duplicate,
58,23,477.534,duplicate,
58,24,502.722
58,25,520.594
58,26,511.015
58,27,490.143
58,28,499.562
58,29,504.245
58,30,529.894
58,31,532.531
59,0,477.534
59,1,477.534,duplicate,
59,2,477.534,duplicate,
59,3,477.534,duplicate,
59,4,477.534,duplicate,
59,5,477.534,duplicate,
59,6,477.534,duplicate,
59,7,477.534,duplicate,
59,8,477.534,duplicate,
59,9,477.534,duplicate,
59,10,477.534,duplicate,
59,11,477.534,duplicate,
59,12,477.534,duplicate,
59,13,477.534,duplicate,
59,14,477.534,duplicate,
59,15,477.534,duplicate,
59,16,477.534,duplicate,
59,17,477.534,duplicate,
59,18,477.534,duplicate,
59,19,477.534,duplicate,
59,20,477.534,duplicate,
59,21,477.534,duplicate,
59,22,477.534,duplicate,
59,23,477.534,duplicate,
59,24,543.606
59,25,503.431
59,26,528.11
59,27,503.038
59,28,477.534,duplicate,
59,29,477.534,duplicate,
59,30,514.524
59,31,528.11,duplicate,
60,0,477.534
60,1,477.534,duplicate,
60,2,477.534,duplicate,
60,3,477.534,duplicate,
60,4,477.534,duplicate,
60,5,477.534,duplicate,
60,6,477.534,duplicate,
60,7,477.534,duplicate,
60,8,477.534,duplicate,
60,9,477.534,duplicate,
60,10,477.534,duplicate,
60,11,477.534,duplicate,
60,12,477.534,duplicate,
60,13,477.534,duplicate,
60,14,477.534,duplicate,
60,15,477.534,duplicate,
60,16,477.534,duplicate,
60,17,477.534,duplicate,
60,18,477.534,duplicate,
60,19,477.534,duplicate,
60,20,477.534,duplicate,
60,21,477.534,duplicate,
60,22,477.534,duplicate,
60,23,477.534,duplicate,
60,24,503.276
60,25,507.758
60,26,515.81
60,27,513.135
60,28,542.564
60,29,514.022
60,30,499.031
60,31,526.727
61,0,477.534
61,1,477.534,duplicate,
61,2,477.534,duplicate,
61,3,477.534,duplicate,
61,4,477.534,duplicate,
61,5,477.534,duplicate,
61,6,477.534,duplicate,
61,7,477.534,duplicate,
61,8,477.534,duplicate,
61,9,477.534,duplicate,
61,10,477.534,duplicate,
61,11,477.534,duplicate,
61,12,477.534,duplicate,
61,13,477.534,duplicate,
61,14,477.534,duplicate,
61,15,477.534,duplicate,
61,16,477.534,duplicate,
61,17,477.534,duplicate,
61,18,477.534,duplicate,
61,19,477.534,duplicate,
61,20,477.534,duplicate,
61,21,477.534,duplicate,
61,22,477.534,duplicate,
61,23,477.534,duplicate,
61,24,526.164
61,25,515.669
61,26,508.693
61,27,503.7
61,28,524.239
61,29,508.84
61,30,531.682
61,31,534.603
62,0,477.534
62,1,477.534,duplicate,
62,2,477.534,duplicate,
62,3,477.534,duplicate,
62,4,477.534,duplicate,
62,5,477.534,duplicate,
62,6,477.534,duplicate,
62,7,477.534,duplicate,
62,8,477.534,duplicate,
62,9,477.534,duplicate,
62,10,477.534,duplicate,
62,11,477.534,duplicate,
62,12,477.534,duplicate,
62,13,477.534,duplicate,
62,14,477.534,duplicate,
62,15,477.534,duplicate,
62,16,477.534,duplicate,
62,17,477.534,duplicate,
62,18,477.534,duplicate,
62,19,477.534,duplicate,
62,20,477.534,duplicate,
62,21,477.534,duplicate,
62,22,477.534,duplicate,
62,23,477.534,duplicate,
62,24,521.434
62,25,515.429
62,26,502.96
62,27,531.121
62,28,510.571
62,29,522.102
62,30,515.431
62,31,519.898
63,0,477.534
63,1,477.534,duplicate,
63,2,477.534,duplicate,
63,3,477.534,duplicate,
63,4,477.534,duplicate,
63,5,477.534,duplicate,
63,6,477.534,duplicate,
63,7,477.534,duplicate,
63,8,477.534,duplicate,
63,9,477.534,duplicate,
63,10,477.534,duplicate,
63,11,477.534,duplicate,
63,12,477.534,duplicate,
63,13,477.534,duplicate,
63,14,477.534,duplicate,
63,15,477.534,duplicate,
63,16,477.534,duplicate,
63,17,477.534,duplicate,
63,18,477.534,duplicate,
63,19,477.534,duplicate,
63,20,477.534,duplicate,
63,21,477.534,duplicate,
63,22,477.534,duplicate,
63,23,477.534,duplicate,
63,24,528.095
63,25,537.379
63,26,510.589
63,27,516.322
63,28,497.252
63,29,541.851
63,30,521.959
63,31,515.016
64,0,477.534
64,1,477.534,duplicate,
64,2,477.534,duplicate,
64,3,477.534,duplicate,
64,4,477.534,duplicate,
64,5,477.534,duplicate,
64,6,477.534,duplicate,
64,7,477.534,duplicate,
64,8,477.534,duplicate,
64,9,477.534,duplicate,
64,10,477.534,duplicate,
64,11,477.534,duplicate,
64,12,477.534,duplicate,
64,13,477.534,duplicate,
64,14,477.534,duplicate,
64,15,477.534,duplicate,
64,16,477.534,duplicate,
64,17,477.534,duplicate,
64,18,477.534,duplicate,
64,19,477.534,duplicate,
64,20,477.534,duplicate,
64,21,477.534,duplicate,
64,22,477.534,duplicate,
64,23,477.534,duplicate,
64,24,519.655
64,25,531.111
64,26,521.889
64,27,514.316
64,28,515.891
64,29,535.282
64,30,525.743
64,31,501.346
65,0,477.534
65,1,477.534,duplicate,
65,2,477.534,duplicate,
65,3,477.534,duplicate,
65,4,477.534,duplicate,
65,5,477.534,duplicate,
65,6,477.534,duplicate,
65,7,477.534,duplicate,
65,8,477.534,duplicate,
65,9,477.534,duplicate,
65,10,477.534,duplicate,
65,11,477.534,duplicate,
65,12,477.534,duplicate,
65,13,477.534,duplicate,
65,14,477.534,duplicate,
65,15,477.534,duplicate,
65,16,477.534,duplicate,
65,17,477.534,duplicate,
65,18,477.534,duplicate,
65,19,477.534,duplicate,
65,20,477.534,duplicate,
65,21,477.534,duplicate,
65,22,477.534,duplicate,
65,23,477.534,duplicate,
65,24,521.854
65,25,495.595
65,26,512.676
65,27,504.258
65,28,519.528
65,29,477.534,duplicate,
65,30,515.669
65,31,507.646
66,0,477.534
66,1,477.534,duplicate,
66,2,477.534,duplicate,
66,3,477.534,duplicate,
66,4,477.534,duplicate,
66,5,477.534,duplicate,
66,6,477.534,duplicate,
66,7,477.534,duplicate,
66,8,477.534,duplicate,
66,9,477.534,duplicate,
66,10,477.534,duplicate,
66,11,477.534,duplicate,
66,12,477.534,duplicate,
66,13,477.534,duplicate,
66,14,477.534,duplicate,
66,15,477.534,duplicate,
66,16,477.534,duplicate,
66,17,477.534,duplicate,
66,18,477.534,duplicate,
66,19,477.534,duplicate,
66,20,477.534,duplicate,
66,21,477.534,duplicate,
66,22,477.534,duplicate,
66,23,477.534,duplicate,
66,24,539.747
66,25,512.562
66,26,543.049
66,27,506.945
66,28,504.985
66,29,521.167
66,30,522.558
66,31,514.515
67,0,477.534
67,1,477.534,duplicate,
67,2,477.534,duplicate,
67,3,477.534,duplicate,
67,4,477.534,duplicate,
67,5,477.534,duplicate,
67,6,477.534,duplicate,
67,7,477.534,duplicate,
67,8,477.534,duplicate,
67,9,477.534,duplicate,
67,10,477.534,duplicate,
67,11,477.534,duplicate,
67,12,477.534,duplicate,
67,13,477.534,duplicate,
67,14,477.534,duplicate,
67,15,477.534,duplicate,
67,16,477.534,duplicate,
67,17,477.534,duplicate,
67,18,477.534,duplicate,
67,19,477.534,duplicate,
67,20,477.534,duplicate,
67,21,477.534,duplicate,
67,22,477.534,duplicate,
67,23,477.534,duplicate,
67,24,507.122
67,25,539.181
67,26,502.001
67,27,506.945
67,28,522.644
67,29,506.761
67,30,507.508
67,31,520.43
68,0,477.534
68,1,477.534,duplicate,
68,2,477.534,duplicate,
68,3,477.534,duplicate,
68,4,477.534,duplicate,
68,5,477.534,duplicate,
68,6,477.534,duplicate,
68,7,477.534,duplicate,
68,8,477.534,duplicate,
68,9,477.534,duplicate,
68,10,477.534,duplicate,
68,11,477.534,duplicate,
68,12,477.534,duplicate,
68,13,477.534,duplicate,
68,14,477.534,duplicate,
68,15,477.534,duplicate,
68,16,477.534,duplicate,
68,17,477.534,duplicate,
68,18,477.534,duplicate,
68,19,477.534,duplicate,
68,20,477.534,duplicate,
68,21,477.534,duplicate,
68,22,477.534,duplicate,
68,23,477.534,duplicate,
68,24,545.442
68,25,521.959
68,26,539.058
68,27,521.785
68,28,504.627
68,29,525.53
68,30,501.969
68,31,537.948
69,0,477.534
69,1,477.534,duplicate,
69,2,477.534,duplicate,
69,3,477.534,duplicate,
69,4,477.534,duplicate,
69,5,477.534,duplicate,
69,6,477.534,duplicate,
69,7,477.534,duplicate,
69,8,477.534,duplicate,
69,9,477.534,duplicate,
69,10,477.534,duplicate,
69,11,477.534,duplicate,
69,12,477.534,duplicate,
69,13,477.534,duplicate,
69,14,477.534,duplicate,
69,15,477.534,duplicate,
69,16,477.534,duplicate,
69,17,477.534,duplicate,
69,18,477.534,duplicate,
69,19,477.534,duplicate,
69,20,477.534,duplicate,
69,21,477.534,duplicate,
69,22,477.534,duplicate,
69,23,477.534,duplicate,
69,24,539.24
69,25,532.309
69,26,508.62
69,27,535.909
69,28,506.945
69,29,520.219
69,30,513.882
69,31,520.692
70,0,477.534
70,1,477.534,duplicate,
70,2,477.534,duplicate,
70,3,477.534,duplicate,
70,4,477.534,duplicate,
70,5,477.534,duplicate,
70,6,477.534,duplicate,
70,7,477.534,duplicate,
70,8,477.534,duplicate,
70,9,477.534,duplicate,
70,10,477.534,duplicate,
70,11,477.534,duplicate,
70,12,477.534,duplicate,
70,13,477.534,duplicate,
70,14,477.534,duplicate,
70,15,477.534,duplicate,
70,16,477.534,duplicate,
70,17,477.534,duplicate,
70,18,477.534,duplicate,
70,19,477.534,duplicate,
70,20,477.534,duplicate,
70,21,477.534,duplicate,
70,22,477.534,duplicate,
70,23,477.534,duplicate,
70,24,515.79
70,25,513.135
70,26,496.712
70,27,524.239
70,28,514.49
70,29,515.908
70,30,503.811
70,31,509.894
71,0,477.534
71,1,477.534,duplicate,
71,2,477.534,duplicate,
71,3,477.534,duplicate,
71,4,477.534,duplicate,
71,5,477.534,duplicate,
71,6,477.534,duplicate,
71,7,477.534,duplicate,
71,8,477.534,duplicate,
71,9,477.534,duplicate,
71,10,477.534,duplicate,
71,11,477.534,duplicate,
71,12,477.534,duplicate,
71,13,477.534,duplicate,
71,14,477.534,duplicate,
71,15,477.534,duplicate,
71,16,477.534,duplicate,
71,17,477.534,duplicate,
71,18,477.534,duplicate,
71,19,477.534,duplicate,
71,20,477.534,duplicate,
71,21,477.534,duplicate,
71,22,477.534,duplicate,
71,23,477.534,duplicate,
71,24,511.98
71,25,504.939
71,26,508.507
71,27,502.053
71,28,520.918
71,29,516.107
71,30,519.746
71,31,503.84
72,0,477.534
72,1,477.534,duplicate,
72,2,477.534,duplicate,
72,3,477.534,duplicate,
72,4,477.534,duplicate,
72,5,477.534,duplicate,
72,6,477.534,duplicate,
72,7,477.534,duplicate,
72,8,477.534,duplicate,
72,9,477.534,duplicate,
72,10,477.534,duplicate,
72,11,477.534,duplicate,
72,12,477.534,duplicate,
72,13,477.534,duplicate,
72,14,477.534,duplicate,
72,15,477.534,duplicate,
72,16,477.534,duplicate,
72,17,477.534,duplicate,
72,18,477.534,duplicate,
72,19,477.534,duplicate,
72,20,477.534,duplicate,
72,21,477.534,duplicate,
72,22,477.534,duplicate,
72,23,477.534,duplicate,
72,24,521.854
72,25,515.908
72,26,527.26
72,27,488.854
72,28,517.188
72,29,532.309
72,30,526.432
72,31,528.093
73,0,477.534
73,1,477.534,duplicate,
73,2,477.534,duplicate,
73,3,477.534,duplicate,
73,4,477.534,duplicate,
73,5,477.534,duplicate,
73,6,477.534,duplicate,
73,7,477.534,duplicate,
73,8,477.534,duplicate,
73,9,477.534,duplicate,
73,10,477.534,duplicate,
73,11,477.534,duplicate,
73,12,477.534,duplicate,
73,13,477.534,duplicate,
73,14,477.534,duplicate,
73,15,477.534,duplicate,
73,16,477.534,duplicate,
73,17,477.534,duplicate,
73,18,477.534,duplicate,
73,19,477.534,duplicate,
73,20,477.534,duplicate,
73,21,477.534,duplicate,
73,22,477.534,duplicate,
73,23,477.534,duplicate,
73,24,497.252
73,25,510.286
73,26,510.506
73,27,527.713
73,28,515.81
73,29,517.121
73,30,510.516
73,31,496.285
74,0,477.534
74,1,477.534,duplicate,
74,2,477.534,duplicate,
74,3,477.534,duplicate,
74,4,477.534,duplicate,
74,5,477.534,duplicate,
74,6,477.534,duplicate,
74,7,477.534,duplicate,
74,8,477.534,duplicate,
74,9,477.534,duplicate,
74,10,477.534,duplicate,
74,11,477.534,duplicate,
74,12,477.534,duplicate,
74,13,477.534,duplicate,
74,14,477.534,duplicate,
74,15,477.534,duplicate,
74,16,477.534,duplicate,
74,17,477.534,duplicate,
74,18,477.534,duplicate,
74,19,477.534,duplicate,
74,20,477.534,duplicate,
74,21,477.534,duplicate,
74,22,477.534,duplicate,
74,23,477.534,duplicate,
74,24,516.567
74,25,531.682
74,26,520.918
74,27,524.265
74,28,508.324
74,29,515.016
74,30,522.437
74,31,542.413
75,0,477.534
75,1,477.534,duplicate,
75,2,477.534,duplicate,
75,3,477.534,duplicate,
75,4,477.534,duplicate,
75,5,477.534,duplicate,
75,6,477.534,duplicate,
75,7,477.534,duplicate,
75,8,477.534,duplicate,
75,9,477.534,duplicate,
75,10,477.534,duplicate,
75,11,477.534,duplicate,
75,12,477.534,duplicate,
75,13,477.534,duplicate,
75,14,477.534,duplicate,
75,15,477.534,duplicate,
75,16,477.534,duplicate,
75,17,477.534,duplicate,
75,18,477.534,duplicate,
75,19,477.534,duplicate,
75,20,477.534,duplicate,
75,21,477.534,duplicate,
75,22,477.534,duplicate,
75,23,477.534,duplicate,
75,24,539.181
75,25,504.266
75,26,494.533
75,27,529.438
75,28,504.266,duplicate,
75,29,494.169
75,30,497.539
75,31,524.548
76,0,477.534
76,1,477.534,duplicate,
76,2,477.534,duplicate,
76,3,477.534,duplicate,
76,4,477.534,duplicate,
76,5,477.534,duplicate,
76,6,477.534,duplicate,
76,7,477.534,duplicate,
76,8,477.534,duplicate,
76,9,477.534,duplicate,
76,10,477.534,duplicate,
76,11,477.534,duplicate,
76,12,477.534,duplicate,
76,13,477.534,duplicate,
76,14,477.534,duplicate,
76,15,477.534,duplicate,
76,16,477.534,duplicate,
76,17,477.534,duplicate,
76,18,477.534,duplicate,
76,19,477.534,duplicate,
76,20,477.534,duplicate,
76,21,477.534,duplicate,
76,22,477.534,duplicate,
76,23,477.534,duplicate,
76,24,504.734
76,25,498.48
76,26,530.166
76,27,516.334
76,28,503.904
76,29,521.648
76,30,516.334,duplicate,
76,31,521.785
77,0,477.534
77,1,477.534,duplicate,
77,2,477.534,duplicate,
77,3,477.534,duplicate,
77,4,477.534,duplicate,
77,5,477.534,duplicate,
77,6,477.534,duplicate,
77,7,477.534,duplicate,
77,8,477.534,duplicate,
77,9,477.534,duplicate,
77,10,477.534,duplicate,
77,11,477.534,duplicate,
77,12,477.534,duplicate,
77,13,477.534,duplicate,
77,14,477.534,duplicate,
77,15,477.534,duplicate,
77,16,477.534,duplicate,
77,17,477.534,duplicate,
77,18,477.534,duplicate,
77,19,477.534,duplicate,
77,20,477.534,duplicate,
77,21,477.534,duplicate,
77,22,477.534,duplicate,
77,23,477.534,duplicate,
77,24,477.534,duplicate,
77,25,529.025
77,26,515.848
77,27,503.219
77,28,505.56
77,29,494.432
77,30,542.413
77,31,525.639
78,0,477.534
78,1,477.534,duplicate,
78,2,477.534,duplicate,
78,3,477.534,duplicate,
78,4,477.534,duplicate,
78,5,477.534,duplicate,
78,6,477.534,duplicate,
78,7,477.534,duplicate,
78,8,477.534,duplicate,
78,9,477.534,duplicate,
78,10,477.534,duplicate,
78,11,477.534,duplicate,
78,12,477.534,duplicate,
78,13,477.534,duplicate,
78,14,477.534,duplicate,
78,15,477.534,duplicate,
78,16,477.534,duplicate,
78,17,477.534,duplicate,
78,18,477.534,duplicate,
78,19,477.534,duplicate,
78,20,477.534,duplicate,
78,21,477.534,duplicate,
78,22,477.534,duplicate,
78,23,477.534,duplicate,
78,24,531.465
78,25,502.021
78,26,520.692
78,27,503.964
78,28,514.135
78,29,514.49
78,30,532.531
78,31,501.573
79,0,477.534
79,1,477.534,duplicate,
79,2,477.534,duplicate,
79,3,477.534,duplicate,
79,4,477.534,duplicate,
79,5,477.534,duplicate,
79,6,477.534,duplicate,
79,7,477.534,duplicate,
79,8,477.534,duplicate,
79,9,477.534,duplicate,
79,10,477.534,duplicate,
79,11,477.534,duplicate,
79,12,477.534,duplicate,
79,13,477.534,duplicate,
79,14,477.534,duplicate,
79,15,477.534,duplicate,
79,16,477.534,duplicate,
79,17,477.534,duplicate,
79,18,477.534,duplicate,
79,19,477.534,duplicate,
79,20,477.534,duplicate,
79,21,477.534,duplicate,
79,22,477.534,duplicate,
79,23,477.534,duplicate,
79,24,515.718
79,25,524.548
79,26,508.583
79,27,539.019
79,28,510.747
79,29,523.448
79,30,508.62
79,31,524.479
80,0,477.534
80,1,477.534,duplicate,
80,2,477.534,duplicate,
80,3,477.534,duplicate,
80,4,477.534,duplicate,
80,5,477.534,duplicate,
80,6,477.534,duplicate,
80,7,477.534,duplicate,
80,8,477.534,duplicate,
80,9,477.534,duplicate,
80,10,477.534,duplicate,
80,11,477.534,duplicate,
80,12,477.534,duplicate,
80,13,477.534,duplicate,
80,14,477.534,duplicate,
80,15,477.534,duplicate,
80,16,477.534,duplicate,
80,17,477.534,duplicate,
80,18,477.534,duplicate,
80,19,477.534,duplicate,
80,20,477.534,duplicate,
80,21,477.534,duplicate,
80,22,477.534,duplicate,
80,23,477.534,duplicate,
80,24,522.089
80,25,507.134
80,26,517.556
80,27,477.534,duplicate,
80,28,515.352
80,29,504.954
80,30,524.239
80,31,507.847
81,0,477.534
81,1,477.534,duplicate,
81,2,477.534,duplicate,
81,3,477.534,duplicate,
81,4,477.534,duplicate,
81,5,477.534,duplicate,
81,6,477.534,duplicate,
81,7,477.534,duplicate,
81,8,477.534,duplicate,
81,9,477.534,duplicate,
81,10,477.534,duplicate,
81,11,477.534,duplicate,
81,12,477.534,duplicate,
81,13,477.534,duplicate,
81,14,477.534,duplicate,
81,15,477.534,duplicate,
81,16,477.534,duplicate,
81,17,477.534,duplicate,
81,18,477.534,duplicate,
81,19,477.534,duplicate,
81,20,477.534,duplicate,
81,21,477.534,duplicate,
81,22,477.534,duplicate,
81,23,477.534,duplicate,
81,24,494.533
81,25,519.655
81,26,497.937
81,27,509.917
81,28,490.032
81,29,527.26
81,30,477.534,duplicate,
81,31,501.665
82,0,477.534
82,1,477.534,duplicate,
82,2,477.534,duplicate,
82,3,477.534,duplicate,
82,4,477.534,duplicate,
82,5,477.534,duplicate,
82,6,477.534,duplicate,
82,7,477.534,duplicate,
82,8,477.534,duplicate,
82,9,477.534,duplicate,
82,10,477.534,duplicate,
82,11,477.534,duplicate,
82,12,477.534,duplicate,
82,13,477.534,duplicate,
82,14,477.534,duplicate,
82,15,477.534,duplicate,
82,16,477.534,duplicate,
82,17,477.534,duplicate,
82,18,477.534,duplicate,
82,19,477.534,duplicate,
82,20,477.534,duplicate,
82,21,477.534,duplicate,
82,22,477.534,duplicate,
82,23,477.534,duplicate,
82,24,516.983
82,25,508.507
82,26,521.889
82,27,521.077
82,28,503.055
82,29,532.218
82,30,524.312
82,31,518.135
83,0,477.534
83,1,477.534,duplicate,
83,2,477.534,duplicate,
83,3,477.534,duplicate,
83,4,477.534,duplicate,
83,5,477.534,duplicate,
83,6,477.534,duplicate,
83,7,477.534,duplicate,
83,8,477.534,duplicate,
83,9,477.534,duplicate,
83,10,477.534,duplicate,
83,11,477.534,duplicate,
83,12,477.534,duplicate,
83,13,477.534,duplicate,
83,14,477.534,duplicate,
83,15,477.534,duplicate,
83,16,477.534,duplicate,
83,17,477.534,duplicate,
83,18,477.534,duplicate,
83,19,477.534,duplicate,
83,20,477.534,duplicate,
83,21,477.534,duplicate,
83,22,477.534,duplicate,
83,23,477.534,duplicate,
83,24,531.81
83,25,496.351
83,26,516.972
83,27,523.204
83,28,507.508
83,29,497.539
83,30,532.249
83,31,523.962
84,0,477.534
84,1,477.534,duplicate,
